2000 10
2010 1 2 0 -16 -4.0 1020.0 1.79 0 0
2010 1 2 1 -15 -4.0 1020.0 2.68 0 0
2010 1 2 2 -11 -5.0 1021.0 3.57 0 0
2010 1 2 3 -7 -5.0 1022.0 5.36 1 0
2010 1 2 4 -7 -5.0 1022.0 6.25 2 0
2010 1 2 5 -7 -6.0 1022.0 7.14 3 0
2010 1 2 6 -7 -6.0 1023.0 8.93 4 0
2010 1 2 7 -7 -5.0 1024.0 10.72 0 0
2010 1 2 8 -8 -6.0 1024.0 12.51 0 0
2010 1 2 9 -7 -5.0 1025.0 14.3 0 0
2010 1 2 10 -7 -5.0 1026.0 17.43 1 0
2010 1 2 11 -8 -5.0 1026.0 20.56 0 0
2010 1 2 12 -8 -5.0 1026.0 23.69 0 0
2010 1 2 13 -8 -5.0 1025.0 27.71 0 0
2010 1 2 14 -9 -5.0 1025.0 31.73 0 0
2010 1 2 15 -9 -5.0 1025.0 35.75 0 0
2010 1 2 16 -9 -5.0 1026.0 37.54 0 0
2010 1 2 17 -8 -5.0 1027.0 39.33 0 0
2010 1 2 18 -8 -5.0 1027.0 42.46 0 0
2010 1 2 19 -8 -5.0 1028.0 44.25 0 0
2010 1 2 20 -7 -5.0 1028.0 46.04 0 0
2010 1 2 21 -7 -5.0 1027.0 49.17 1 0
2010 1 2 22 -8 -6.0 1028.0 52.3 2 0
2010 1 2 23 -8 -6.0 1027.0 55.43 3 0
2010 1 3 0 -7 -6.0 1027.0 58.56 4 0
2010 1 3 1 -8 -6.0 1026.0 61.69 5 0
2010 1 3 2 -8 -7.0 1026.0 65.71 6 0
2010 1 3 3 -8 -7.0 1025.0 68.84 7 0
2010 1 3 4 -8 -7.0 1024.0 72.86 8 0
2010 1 3 5 -9 -8.0 1024.0 76.88 9 0
2010 1 3 6 -10 -8.0 1024.0 80.9 10 0
2010 1 3 7 -10 -9.0 1024.0 84.92 11 0
2010 1 3 8 -10 -9.0 1024.0 89.84 12 0
2010 1 3 9 -11 -9.0 1023.0 93.86 13 0
2010 1 3 10 -11 -9.0 1023.0 97.88 15 0
2010 1 3 11 -11 -9.0 1022.0 102.8 16 0
2010 1 3 12 -11 -9.0 1021.0 105.93 17 0
2010 1 3 13 -11 -9.0 1020.0 111.74 19 0
2010 1 3 14 -11 -9.0 1020.0 116.66 20 0
2010 1 3 15 -11 -9.0 1020.0 121.58 21 0
2010 1 3 16 -11 -9.0 1020.0 124.71 22 0
2010 1 3 17 -11 -9.0 1020.0 127.84 23 0
2010 1 3 18 -11 -9.0 1021.0 0.89 24 0
2010 1 3 19 -11 -9.0 1022.0 1.78 25 0
2010 1 3 20 -10 -9.0 1022.0 4.02 26 0
2010 1 3 21 -11 -10.0 1023.0 7.15 27 0
2010 1 3 22 -11 -9.0 1023.0 11.17 0 0
2010 1 3 23 -12 -11.0 1023.0 14.3 0 0
2010 1 4 0 -14 -12.0 1023.0 16.09 0 0
2010 1 4 1 -16 -9.0 1023.0 21.9 0 0
2010 1 4 2 -17 -10.0 1024.0 29.95 0 0
2010 1 4 3 -18 -11.0 1024.0 39.78 0 0
2010 1 4 4 -19 -11.0 1025.0 48.72 0 0
2010 1 4 5 -20 -12.0 1026.0 55.87 0 0
2010 1 4 6 -21 -12.0 1027.0 64.81 0 0
2010 1 4 7 -21 -13.0 1027.0 73.75 0 0
2010 1 4 8 -22 -13.0 1028.0 80.9 0 0
2010 1 4 9 -22 -13.0 1029.0 90.73 0 0
2010 1 4 10 -22 -12.0 1030.0 100.56 0 0
2010 1 4 11 -23 -12.0 1031.0 108.61 0 0
2010 1 4 12 -21 -11.0 1030.0 117.55 0 0
2010 1 4 13 -20 -10.0 1030.0 127.38 0 0
2010 1 4 14 -21 -10.0 1030.0 136.32 0 0
2010 1 4 15 -21 -9.0 1030.0 145.26 0 0
2010 1 4 16 -21 -9.0 1031.0 152.41 0 0
2010 1 4 17 -20 -11.0 1032.0 159.56 0 0
2010 1 4 18 -23 -11.0 1032.0 165.37 0 0
2010 1 4 19 -21 -12.0 1033.0 171.18 0 0
2010 1 4 20 -24 -12.0 1034.0 180.12 0 0
2010 1 4 21 -24 -13.0 1034.0 187.27 0 0
2010 1 4 22 -24 -13.0 1035.0 195.32 0 0
2010 1 4 23 -26 -15.0 1035.0 198.45 0 0
2010 1 5 0 -26 -17.0 1035.0 201.58 0 0
2010 1 5 1 -26 -18.0 1035.0 205.6 0 0
2010 1 5 2 -26 -19.0 1035.0 208.73 0 0
2010 1 5 3 -27 -18.0 1035.0 213.65 0 0
2010 1 5 4 -27 -19.0 1035.0 218.57 0 0
2010 1 5 5 -27 -16.0 1034.0 4.92 0 0
2010 1 5 6 -26 -16.0 1035.0 8.05 0 0
2010 1 5 7 -27 -16.0 1034.0 13.86 0 0
2010 1 5 8 -26 -16.0 1035.0 18.78 0 0
2010 1 5 9 -26 -15.0 1035.0 24.59 0 0
2010 1 5 10 -25 -14.0 1035.0 29.51 0 0
2010 1 5 11 -25 -13.0 1035.0 34.43 0 0
2010 1 5 12 -25 -12.0 1034.0 39.35 0 0
2010 1 5 13 -24 -11.0 1032.0 41.14 0 0
2010 1 5 14 -22 -11.0 1032.0 0.89 0 0
2010 1 5 15 -23 -11.0 1031.0 1.79 0 0
2010 1 5 16 -24 -11.0 1031.0 3.58 0 0
2010 1 5 17 -23 -11.0 1031.0 5.37 0 0
2010 1 5 18 -23 -11.0 1032.0 7.16 0 0
2010 1 5 19 -22 -13.0 1033.0 10.29 0 0
2010 1 5 20 -22 -12.0 1033.0 13.42 0 0
2010 1 5 21 -24 -18.0 1033.0 16.55 0 0
2010 1 5 22 -22 -13.0 1034.0 20.57 0 0
2010 1 5 23 -22 -16.0 1033.0 23.7 0 0
2010 1 6 0 -25 -17.0 1033.0 26.83 0 0
2010 1 6 1 -25 -14.0 1033.0 4.02 0 0
2010 1 6 2 -26 -14.0 1034.0 8.04 0 0
2010 1 6 3 -26 -14.0 1033.0 13.85 0 0
2010 1 6 4 -26 -14.0 1033.0 17.87 0 0
2010 1 6 5 -26 -14.0 1033.0 23.68 0 0
2010 1 6 6 -26 -14.0 1033.0 28.6 0 0
2010 1 6 7 -26 -15.0 1034.0 33.52 0 0
2010 1 6 8 -26 -14.0 1034.0 39.33 0 0
2010 1 6 9 -25 -13.0 1035.0 44.25 0 0
2010 1 6 10 -25 -12.0 1035.0 50.06 0 0
2010 1 6 11 -24 -11.0 1035.0 54.98 0 0
2010 1 6 12 -24 -10.0 1034.0 59.0 0 0
2010 1 6 13 -22 -10.0 1033.0 4.02 0 0
2010 1 6 14 -22 -9.0 1033.0 5.81 0 0
2010 1 6 15 -22 -8.0 1033.0 0.89 0 0
2010 1 6 16 -22 -8.0 1033.0 1.79 0 0
2010 1 6 17 -21 -9.0 1033.0 3.58 0 0
2010 1 6 18 -22 -9.0 1033.0 5.37 0 0
2010 1 6 19 -22 -14.0 1034.0 0.89 0 0
2010 1 6 20 -22 -12.0 1035.0 1.79 0 0
2010 1 6 21 -21 -14.0 1034.0 3.58 0 0
2010 1 6 22 -22 -16.0 1035.0 5.37 0 0
2010 1 6 23 -21 -16.0 1035.0 7.16 0 0
2010 1 7 0 -21 -16.0 1035.0 8.95 0 0
2010 1 7 1 -21 -16.0 1035.0 0.45 0 0
2010 1 7 2 -22 -18.0 1036.0 1.34 0 0
2010 1 7 3 -23 -15.0 1036.0 4.02 0 0
2010 1 7 4 -24 -16.0 1035.0 7.15 0 0
2010 1 7 5 -25 -15.0 1035.0 10.28 0 0
2010 1 7 6 -24 -15.0 1035.0 14.3 0 0
2010 1 7 7 -25 -13.0 1036.0 4.92 0 0
2010 1 7 8 -24 -14.0 1036.0 4.02 0 0
2010 1 7 9 -23 -12.0 1036.0 8.94 0 0
2010 1 7 10 -22 -11.0 1036.0 12.96 0 0
2010 1 7 11 -20 -10.0 1036.0 16.09 0 0
2010 1 7 12 -21 -9.0 1035.0 19.22 0 0
2010 1 7 13 -21 -8.0 1034.0 21.01 0 0
2010 1 7 14 -20 -7.0 1033.0 22.8 0 0
2010 1 7 15 -20 -7.0 1032.0 24.59 0 0
2010 1 7 16 -18 -8.0 1032.0 26.38 0 0
2010 1 7 17 -19 -9.0 1032.0 28.17 0 0
2010 1 7 18 -19 -11.0 1032.0 0.89 0 0
2010 1 7 19 -18 -11.0 1033.0 1.79 0 0
2010 1 7 20 -19 -15.0 1032.0 1.79 0 0
2010 1 7 21 -19 -14.0 1032.0 0.45 0 0
2010 1 7 22 -21 -14.0 1032.0 1.34 0 0
2010 1 7 23 -21 -16.0 1032.0 2.23 0 0
2010 1 8 0 -21 -17.0 1031.0 1.79 0 0
2010 1 8 1 -19 -16.0 1031.0 3.58 0 0
2010 1 8 2 -20 -16.0 1031.0 0.89 0 0
2010 1 8 3 -19 -15.0 1030.0 0.89 0 0
2010 1 8 4 -18 -15.0 1030.0 0.45 0 0
2010 1 8 5 -18 -15.0 1029.0 1.34 0 0
2010 1 8 6 -18 -15.0 1029.0 1.79 0 0
2010 1 8 7 -16 -13.0 1029.0 0.89 0 0
2010 1 8 8 -16 -12.0 1029.0 0.89 0 0
2010 1 8 9 -16 -12.0 1030.0 1.78 0 0
2010 1 8 10 -17 -10.0 1030.0 0.89 0 0
2010 1 8 11 -16 -10.0 1029.0 0.89 0 0
2010 1 8 12 -16 -9.0 1028.0 3.13 0 0
2010 1 8 13 -15 -8.0 1026.0 4.92 0 0
2010 1 8 14 -16 -8.0 1026.0 0.89 0 0
2010 1 8 15 -16 -8.0 1025.0 1.78 0 0
2010 1 8 16 -16 -8.0 1025.0 2.67 0 0
2010 1 8 17 -17 -8.0 1025.0 0.89 0 0
2010 1 8 18 -17 -9.0 1026.0 0.45 0 0
2010 1 8 19 -17 -11.0 1026.0 1.34 0 0
2010 1 8 20 -17 -12.0 1026.0 1.79 0 0
2010 1 8 21 -18 -14.0 1027.0 1.79 0 0
2010 1 8 22 -16 -9.0 1027.0 4.92 0 0
2010 1 8 23 -16 -11.0 1027.0 6.71 0 0
2010 1 9 0 -17 -13.0 1027.0 0.89 0 0
2010 1 9 1 -17 -13.0 1027.0 3.13 0 0
2010 1 9 2 -17 -14.0 1027.0 4.92 0 0
2010 1 9 3 -17 -15.0 1027.0 8.05 0 0
2010 1 9 4 -17 -13.0 1027.0 9.84 0 0
2010 1 9 5 -19 -16.0 1027.0 13.86 0 0
2010 1 9 6 -18 -15.0 1027.0 17.88 0 0
2010 1 9 7 -19 -15.0 1027.0 21.9 0 0
2010 1 9 8 -18 -14.0 1028.0 25.92 0 0
2010 1 9 9 -18 -9.0 1029.0 5.81 0 0
2010 1 9 10 -17 -7.0 1029.0 11.62 0 0
2010 1 9 11 -17 -6.0 1030.0 17.43 0 0
2010 1 9 12 -16 -6.0 1029.0 23.24 0 0
2010 1 9 13 -16 -5.0 1029.0 28.16 0 0
2010 1 9 14 -15 -4.0 1029.0 33.08 0 0
2010 1 9 15 -14 -4.0 1028.0 37.1 0 0
2010 1 9 16 -15 -4.0 1029.0 38.89 0 0
2010 1 9 17 -15 -4.0 1030.0 1.79 0 0
2010 1 9 18 -15 -7.0 1030.0 3.13 0 0
2010 1 9 19 -15 -6.0 1031.0 3.13 0 0
2010 1 9 20 -15 -7.0 1032.0 4.92 0 0
2010 1 9 21 -15 -6.0 1032.0 3.13 0 0
2010 1 9 22 -15 -8.0 1033.0 0.45 0 0
2010 1 9 23 -15 -8.0 1033.0 0.9 0 0
2010 1 10 0 -15 -11.0 1033.0 0.89 0 0
2010 1 10 1 -17 -13.0 1033.0 1.78 0 0
2010 1 10 2 -17 -12.0 1033.0 4.91 0 0
2010 1 10 3 -17 -13.0 1033.0 8.04 0 0
2010 1 10 4 -19 -14.0 1032.0 9.83 0 0
2010 1 10 5 -18 -13.0 1032.0 12.96 0 0
2010 1 10 6 -19 -13.0 1032.0 16.09 0 0
2010 1 10 7 -19 -14.0 1033.0 19.22 0 0
2010 1 10 8 -19 -14.0 1034.0 22.35 0 0
2010 1 10 9 -17 -12.0 1033.0 24.14 0 0
2010 1 10 10 -16 -7.0 1033.0 4.02 0 0
2010 1 10 11 -15 -7.0 1033.0 3.13 0 0
2010 1 10 12 -15 -7.0 1032.0 6.26 0 0
2010 1 10 13 -14 -6.0 1031.0 9.39 0 0
2010 1 10 14 -14 -6.0 1031.0 12.52 0 0
2010 1 10 15 -13 -5.0 1030.0 14.31 0 0
2010 1 10 16 -14 -5.0 1031.0 16.1 0 0
2010 1 10 17 -14 -6.0 1031.0 19.23 0 0
2010 1 10 18 -13 -7.0 1032.0 23.25 0 0
2010 1 10 19 -15 -6.0 1032.0 27.27 0 0
2010 1 10 20 -15 -6.0 1033.0 30.4 0 0
2010 1 10 21 -15 -4.0 1034.0 35.32 0 0
2010 1 10 22 -16 -4.0 1034.0 44.26 0 0
2010 1 10 23 -17 -5.0 1035.0 52.31 0 0
2010 1 11 0 -17 -6.0 1035.0 60.36 0 0
2010 1 11 1 -17 -8.0 1035.0 0.89 0 0
2010 1 11 2 -19 -11.0 1036.0 4.02 0 0
2010 1 11 3 -20 -11.0 1036.0 8.94 0 0
2010 1 11 4 -21 -11.0 1035.0 4.02 0 0
2010 1 11 5 -22 -12.0 1035.0 3.13 0 0
2010 1 11 6 -22 -12.0 1035.0 4.92 0 0
2010 1 11 7 -22 -13.0 1036.0 5.81 0 0
2010 1 11 8 -22 -9.0 1036.0 13.86 0 0
2010 1 11 9 -22 -10.0 1036.0 21.91 0 0
2010 1 11 10 -22 -9.0 1036.0 29.06 0 0
2010 1 11 11 -21 -9.0 1036.0 33.08 0 0
2010 1 11 12 -20 -6.0 1035.0 42.02 0 0
2010 1 11 13 -19 -5.0 1034.0 50.96 0 0
2010 1 11 14 -19 -5.0 1033.0 59.01 0 0
2010 1 11 15 -20 -5.0 1033.0 66.16 0 0
2010 1 11 16 -20 -5.0 1032.0 71.97 0 0
2010 1 11 17 -20 -5.0 1033.0 76.89 0 0
2010 1 11 18 -20 -7.0 1033.0 81.81 0 0
2010 1 11 19 -22 -7.0 1033.0 85.83 0 0
2010 1 11 20 -22 -8.0 1033.0 89.85 0 0
2010 1 11 21 -23 -10.0 1033.0 91.64 0 0
2010 1 11 22 -23 -13.0 1033.0 93.43 0 0
2010 1 11 23 -22 -12.0 1032.0 0.89 0 0
2010 1 12 0 -22 -15.0 1031.0 1.78 0 0
2010 1 12 1 -22 -14.0 1031.0 1.79 0 0
2010 1 12 2 -22 -14.0 1031.0 0.89 0 0
2010 1 12 3 -24 -18.0 1030.0 1.79 0 0
2010 1 12 4 -24 -13.0 1030.0 3.58 0 0
2010 1 12 5 -25 -14.0 1030.0 3.13 0 0
2010 1 12 6 -24 -14.0 1030.0 7.15 0 0
2010 1 12 7 -25 -12.0 1030.0 12.96 0 0
2010 1 12 8 -26 -14.0 1030.0 16.98 0 0
2010 1 12 9 -25 -12.0 1031.0 21.0 0 0
2010 1 12 10 -25 -11.0 1031.0 26.81 0 0
2010 1 12 11 -24 -11.0 1030.0 35.75 0 0
2010 1 12 12 -23 -11.0 1029.0 47.82 0 0
2010 1 12 13 -22 -11.0 1029.0 63.02 0 0
2010 1 12 14 -23 -11.0 1029.0 75.98 0 0
2010 1 12 15 -22 -11.0 1029.0 88.05 0 0
2010 1 12 16 -23 -11.0 1030.0 101.01 0 0
2010 1 12 17 -24 -11.0 1030.0 109.06 0 0
2010 1 12 18 -24 -11.0 1032.0 118.0 0 0
2010 1 12 19 -23 -11.0 1032.0 126.05 0 0
2010 1 12 20 -23 -12.0 1032.0 134.1 0 0
2010 1 12 21 -24 -12.0 1033.0 142.15 0 0
2010 1 12 22 -23 -12.0 1033.0 150.2 0 0
2010 1 12 23 -23 -12.0 1034.0 160.03 0 0
2010 1 13 0 -24 -12.0 1034.0 169.86 0 0
2010 1 13 1 -24 -12.0 1033.0 178.8 0 0
2010 1 13 2 -25 -12.0 1033.0 189.98 0 0
2010 1 13 3 -24 -13.0 1033.0 198.03 0 0
2010 1 13 4 -25 -12.0 1032.0 205.18 0 0
2010 1 13 5 -25 -12.0 1033.0 215.01 0 0
2010 1 13 6 -25 -12.0 1032.0 226.19 0 0
2010 1 13 7 -25 -12.0 1032.0 235.13 0 0
2010 1 13 8 -25 -12.0 1032.0 243.18 0 0
2010 1 13 9 -23 -11.0 1033.0 252.12 0 0
2010 1 13 10 -23 -10.0 1033.0 257.93 0 0
2010 1 13 11 -22 -9.0 1033.0 263.74 0 0
2010 1 13 12 -21 -8.0 1031.0 270.89 0 0
2010 1 13 13 -21 -6.0 1030.0 278.94 0 0
2010 1 13 14 -20 -5.0 1029.0 286.99 0 0
2010 1 13 15 -22 -5.0 1028.0 294.14 0 0
2010 1 13 16 -21 -5.0 1028.0 299.06 0 0
2010 1 13 17 -19 -7.0 1028.0 1.79 0 0
2010 1 13 18 -19 -8.0 1028.0 0.45 0 0
2010 1 13 19 -20 -9.0 1028.0 1.34 0 0
2010 1 13 20 -19 -10.0 1027.0 1.79 0 0
2010 1 13 21 -19 -13.0 1027.0 0.89 0 0
2010 1 13 22 -18 -12.0 1027.0 1.78 0 0
2010 1 13 23 -18 -13.0 1027.0 0.89 0 0
2010 1 14 0 -18 -14.0 1026.0 1.78 0 0
2010 1 14 1 -20 -15.0 1025.0 2.67 0 0
2010 1 14 2 -20 -15.0 1025.0 0.89 0 0
2010 1 14 3 -20 -16.0 1025.0 1.78 0 0
2010 1 14 4 -20 -16.0 1024.0 3.57 0 0
2010 1 14 5 -21 -17.0 1024.0 6.7 0 0
2010 1 14 6 -19 -14.0 1023.0 10.72 0 0
2010 1 14 7 -21 -17.0 1023.0 13.85 0 0
2010 1 14 8 -19 -15.0 1024.0 15.64 0 0
2010 1 14 9 -19 -14.0 1024.0 18.77 0 0
2010 1 14 10 -18 -10.0 1024.0 22.79 0 0
2010 1 14 11 -17 -9.0 1023.0 24.58 0 0
2010 1 14 12 -16 -6.0 1023.0 26.37 0 0
2010 1 14 13 -17 -5.0 1022.0 28.16 0 0
2010 1 14 14 -16 -5.0 1022.0 29.95 0 0
2010 1 14 15 -15 -4.0 1022.0 33.08 0 0
2010 1 14 16 -16 -4.0 1023.0 0.89 0 0
2010 1 14 17 -15 -5.0 1025.0 1.79 0 0
2010 1 14 18 -14 -3.0 1026.0 5.81 0 0
2010 1 14 19 -16 -3.0 1027.0 11.62 0 0
2010 1 14 20 -15 -4.0 1029.0 20.56 0 0
2010 1 14 21 -16 -5.0 1031.0 24.58 0 0
2010 1 14 22 -17 -6.0 1032.0 3.13 0 0
2010 1 14 23 -18 -6.0 1033.0 8.05 0 0
2010 1 15 0 -19 -7.0 1034.0 13.86 0 0
2010 1 15 1 -17 -8.0 1035.0 5.81 0 0
2010 1 15 2 -18 -10.0 1035.0 11.62 0 0
2010 1 15 3 -19 -10.0 1036.0 14.75 0 0
2010 1 15 4 -19 -9.0 1036.0 19.67 0 0
2010 1 15 5 -19 -9.0 1036.0 7.15 0 0
2010 1 15 6 -20 -9.0 1037.0 12.96 0 0
2010 1 15 7 -19 -9.0 1037.0 18.77 0 0
2010 1 15 8 -19 -8.0 1038.0 22.79 0 0
2010 1 15 9 -19 -8.0 1039.0 28.6 0 0
2010 1 15 10 -19 -7.0 1039.0 35.75 0 0
2010 1 15 11 -18 -6.0 1039.0 41.56 0 0
2010 1 15 12 -18 -5.0 1039.0 45.58 0 0
2010 1 15 13 -17 -4.0 1038.0 1.79 0 0
2010 1 15 14 -16 -3.0 1037.0 0.89 0 0
2010 1 15 15 -17 -3.0 1037.0 1.78 0 0
2010 1 15 16 -17 -2.0 1037.0 2.23 0 0
2010 1 15 17 -15 -5.0 1036.0 0.89 0 0
2010 1 15 18 -15 -6.0 1036.0 0.89 0 0
2010 1 15 19 -15 -6.0 1037.0 1.78 0 0
2010 1 15 20 -14 -6.0 1037.0 1.79 0 0
2010 1 15 21 -14 -8.0 1036.0 3.58 0 0
2010 1 15 22 -14 -10.0 1037.0 0.89 0 0
2010 1 15 23 -15 -11.0 1036.0 1.78 0 0
2010 1 16 0 -15 -11.0 1036.0 2.67 0 0
2010 1 16 1 -16 -13.0 1036.0 0.89 0 0
2010 1 16 2 -16 -12.0 1036.0 0.89 0 0
2010 1 16 3 -16 -13.0 1035.0 0.89 0 0
2010 1 16 4 -15 -12.0 1035.0 1.78 0 0
2010 1 16 5 -14 -10.0 1034.0 1.79 0 0
2010 1 16 6 -15 -10.0 1034.0 2.68 0 0
2010 1 16 7 -15 -11.0 1034.0 4.47 0 0
2010 1 16 8 -15 -11.0 1034.0 6.26 0 0
2010 1 16 9 -14 -9.0 1034.0 8.05 0 0
2010 1 16 10 -14 -9.0 1034.0 9.84 0 0
2010 1 16 11 -13 -6.0 1034.0 0.89 0 0
2010 1 16 12 -13 -5.0 1033.0 1.79 0 0
2010 1 16 13 -12 -4.0 1031.0 0.89 0 0
2010 1 16 14 -12 -3.0 1031.0 1.78 0 0
2010 1 16 15 -12 -3.0 1030.0 2.67 0 0
2010 1 16 16 -11 -3.0 1030.0 3.56 0 0
2010 1 16 17 -11 -4.0 1031.0 0.89 0 0
2010 1 16 18 -12 -7.0 1031.0 0.89 0 0
2010 1 16 19 -12 -7.0 1032.0 1.78 0 0
2010 1 16 20 -12 -8.0 1032.0 2.23 0 0
2010 1 16 21 -12 -9.0 1032.0 3.12 0 0
2010 1 16 22 -13 -11.0 1032.0 0.89 0 0
2010 1 16 23 -14 -11.0 1032.0 2.68 0 0
2010 1 17 0 -15 -12.0 1032.0 5.81 0 0
2010 1 17 1 -14 -11.0 1032.0 0.45 0 0
2010 1 17 2 -14 -11.0 1031.0 1.34 0 0
2010 1 17 3 -14 -12.0 1031.0 1.79 0 0
2010 1 17 4 -14 -12.0 1031.0 3.58 0 0
2010 1 17 5 -14 -10.0 1030.0 6.71 0 0
2010 1 17 6 -14 -11.0 1030.0 9.84 0 0
2010 1 17 7 -15 -10.0 1030.0 11.63 0 0
2010 1 17 8 -13 -10.0 1030.0 14.76 0 0
2010 1 17 9 -13 -8.0 1030.0 17.89 0 0
2010 1 17 10 -12 -6.0 1030.0 0.45 0 0
2010 1 17 11 -11 -5.0 1030.0 1.34 0 0
2010 1 17 12 -11 -4.0 1029.0 2.23 0 0
2010 1 17 13 -11 -3.0 1028.0 3.12 0 0
2010 1 17 14 -10 -1.0 1027.0 4.01 0 0
2010 1 17 15 -11 -1.0 1027.0 4.46 0 0
2010 1 17 16 -10 -1.0 1026.0 0.89 0 0
2010 1 17 17 -10 -3.0 1026.0 1.78 0 0
2010 1 17 18 -10 -5.0 1027.0 2.67 0 0
2010 1 17 19 -10 -6.0 1027.0 0.89 0 0
2010 1 17 20 -11 -7.0 1027.0 0.45 0 0
2010 1 17 21 -10 -7.0 1027.0 0.9 0 0
2010 1 17 22 -11 -9.0 1027.0 1.35 0 0
2010 1 17 23 -12 -9.0 1027.0 0.89 0 0
2010 1 18 0 -12 -10.0 1028.0 0.89 0 0
2010 1 18 1 -13 -11.0 1028.0 3.13 0 0
2010 1 18 2 -11 -9.0 1028.0 4.92 0 0
2010 1 18 3 -13 -10.0 1028.0 6.71 0 0
2010 1 18 4 -13 -11.0 1028.0 7.6 0 0
2010 1 18 5 -13 -11.0 1027.0 1.79 0 0
2010 1 18 6 -14 -11.0 1028.0 0.89 0 0
2010 1 18 7 -14 -11.0 1028.0 4.02 0 0
2010 1 18 8 -14 -11.0 1028.0 5.81 0 0
2010 1 18 9 -11 -6.0 1028.0 9.83 0 0
2010 1 18 10 -10 -5.0 1028.0 11.62 0 0
2010 1 18 11 -9 -3.0 1028.0 13.41 0 0
2010 1 18 12 -8 -1.0 1027.0 15.2 0 0
2010 1 18 13 -9 0.0 1026.0 16.99 0 0
2010 1 18 14 -9 1.0 1025.0 1.79 0 0
2010 1 18 15 -9 1.0 1025.0 0.89 0 0
2010 1 18 16 -8 1.0 1025.0 0.89 0 0
2010 1 18 17 -7 -1.0 1025.0 2.68 0 0
2010 1 18 18 -7 -2.0 1025.0 0.89 0 0
2010 1 18 19 -7 -3.0 1025.0 0.89 0 0
2010 1 18 20 -5 -2.0 1026.0 0.89 0 0
2010 1 18 21 -5 -1.0 1026.0 1.79 0 0
2010 1 18 22 -5 -1.0 1026.0 3.58 0 0
2010 1 18 23 -6 -1.0 1026.0 0.89 0 0
2010 1 19 0 -4 -1.0 1025.0 1.79 0 0
2010 1 19 1 -5 -1.0 1024.0 4.92 0 0
2010 1 19 2 -5 -1.0 1024.0 6.71 0 0
2010 1 19 3 -5 -1.0 1023.0 8.5 0 0
2010 1 19 4 -4 -1.0 1022.0 10.29 0 0
2010 1 19 5 -4 -1.0 1021.0 11.18 0 0
2010 1 19 6 -4 -1.0 1021.0 12.07 0 0
2010 1 19 7 -4 -1.0 1021.0 13.86 0 0
2010 1 19 8 -4 0.0 1021.0 0.89 0 0
2010 1 19 9 -4 0.0 1021.0 1.79 0 0
2010 1 19 10 -4 0.0 1021.0 0.89 0 0
2010 1 19 11 -5 1.0 1021.0 1.79 0 0
2010 1 19 12 -5 1.0 1020.0 0.89 0 0
2010 1 19 13 -4 1.0 1019.0 1.34 0 0
2010 1 19 14 -4 1.0 1018.0 0.89 0 0
2010 1 19 15 -3 2.0 1018.0 0.45 0 0
2010 1 19 16 -3 2.0 1018.0 1.34 0 0
2010 1 19 17 -2 2.0 1018.0 0.89 0 0
2010 1 19 18 -3 1.0 1018.0 0.89 0 0
2010 1 19 19 -3 2.0 1020.0 1.79 0 0
2010 1 19 20 -3 1.0 1020.0 4.92 0 0
2010 1 19 21 -3 0.0 1021.0 6.71 0 0
2010 1 19 22 -3 0.0 1021.0 8.5 0 0
2010 1 19 23 -3 1.0 1020.0 11.63 0 0
2010 1 20 0 -2 0.0 1021.0 14.76 0 0
2010 1 20 1 -2 -1.0 1022.0 16.55 0 0
2010 1 20 2 -4 -2.0 1022.0 19.68 0 0
2010 1 20 3 -2 -1.0 1023.0 25.49 0 0
2010 1 20 4 -3 1.0 1023.0 28.62 0 0
2010 1 20 5 -3 0.0 1024.0 31.75 0 0
2010 1 20 6 -5 2.0 1026.0 36.67 0 0
2010 1 20 7 -9 1.0 1027.0 41.59 0 0
2010 1 20 8 -10 0.0 1028.0 48.74 0 0
2010 1 20 9 -10 0.0 1030.0 55.89 0 0
2010 1 20 10 -11 1.0 1032.0 63.04 0 0
2010 1 20 11 -13 0.0 1033.0 71.09 0 0
2010 1 20 12 -13 0.0 1033.0 78.24 0 0
2010 1 20 13 -13 -1.0 1033.0 8.05 0 0
2010 1 20 14 -13 -1.0 1032.0 7.15 0 0
2010 1 20 15 -15 -1.0 1032.0 5.81 0 0
2010 1 20 16 -14 -1.0 1033.0 5.81 0 0
2010 1 20 17 -15 -2.0 1033.0 12.96 0 0
2010 1 20 18 -16 -3.0 1034.0 21.01 0 0
2010 1 20 19 -17 -4.0 1035.0 28.16 0 0
2010 1 20 20 -19 -3.0 1036.0 37.99 0 0
2010 1 20 21 -18 -4.0 1037.0 46.93 0 0
2010 1 20 22 -19 -4.0 1038.0 55.87 0 0
2010 1 20 23 -19 -5.0 1038.0 65.7 0 0
2010 1 21 0 -20 -6.0 1038.0 75.53 0 0
2010 1 21 1 -20 -6.0 1038.0 85.36 0 0
2010 1 21 2 -20 -7.0 1038.0 95.19 0 0
2010 1 21 3 -22 -8.0 1038.0 103.24 0 0
2010 1 21 4 -23 -8.0 1038.0 111.29 0 0
2010 1 21 5 -24 -9.0 1038.0 118.44 0 0
2010 1 21 6 -24 -9.0 1038.0 128.27 0 0
2010 1 21 7 -25 -9.0 1038.0 138.1 0 0
2010 1 21 8 -25 -8.0 1039.0 147.04 0 0
2010 1 21 9 -25 -8.0 1039.0 155.98 0 0
2010 1 21 10 -22 -7.0 1039.0 160.9 0 0
2010 1 21 11 -22 -7.0 1038.0 3.13 0 0
2010 1 21 12 -22 -5.0 1037.0 4.02 0 0
2010 1 21 13 -21 -5.0 1035.0 3.13 0 0
2010 1 21 14 -21 -4.0 1034.0 1.79 0 0
2010 1 21 15 -20 -3.0 1034.0 1.79 0 0
2010 1 21 16 -21 -2.0 1033.0 4.92 0 0
2010 1 21 17 -20 -2.0 1033.0 10.73 0 0
2010 1 21 18 -20 -2.0 1034.0 15.65 0 0
2010 1 21 19 -19 -3.0 1034.0 21.46 0 0
2010 1 21 20 -19 -3.0 1035.0 25.48 0 0
2010 1 21 21 -17 -8.0 1035.0 0.89 0 0
2010 1 21 22 -18 -9.0 1035.0 1.79 0 0
2010 1 21 23 -18 -9.0 1035.0 3.58 0 0
2010 1 22 0 -18 -6.0 1036.0 7.6 0 0
2010 1 22 1 -20 -4.0 1037.0 17.43 0 0
2010 1 22 2 -21 -5.0 1037.0 27.26 0 0
2010 1 22 3 -21 -6.0 1037.0 35.31 0 0
2010 1 22 4 -20 -7.0 1036.0 42.46 0 0
2010 1 22 5 -20 -7.0 1035.0 48.27 0 0
2010 1 22 6 -20 -7.0 1035.0 54.08 0 0
2010 1 22 7 -20 -7.0 1036.0 59.0 0 0
2010 1 22 8 -19 -7.0 1036.0 63.92 0 0
2010 1 22 9 -20 -5.0 1036.0 67.94 0 0
2010 1 22 10 -19 -4.0 1036.0 75.09 0 0
2010 1 22 11 -19 -4.0 1036.0 84.03 0 0
2010 1 22 12 -19 -3.0 1035.0 95.21 0 0
2010 1 22 13 -18 -3.0 1034.0 105.04 0 0
2010 1 22 14 -19 -2.0 1033.0 114.87 0 0
2010 1 22 15 -18 -2.0 1032.0 124.7 0 0
2010 1 22 16 -18 -2.0 1032.0 133.64 0 0
2010 1 22 17 -18 -2.0 1032.0 139.45 0 0
2010 1 22 18 -18 -3.0 1032.0 144.37 0 0
2010 1 22 19 -17 -5.0 1033.0 149.29 0 0
2010 1 22 20 -18 -4.0 1033.0 153.31 0 0
2010 1 22 21 -17 -4.0 1032.0 159.12 0 0
2010 1 22 22 -17 -4.0 1032.0 164.04 0 0
2010 1 22 23 -17 -7.0 1032.0 168.06 0 0
2010 1 23 0 -17 -4.0 1033.0 172.08 0 0
2010 1 23 1 -17 -8.0 1033.0 0.89 0 0
2010 1 23 2 -17 -5.0 1032.0 4.92 0 0
2010 1 23 3 -18 -6.0 1032.0 8.05 0 0
2010 1 23 4 -18 -5.0 1031.0 12.97 0 0
2010 1 23 5 -18 -6.0 1031.0 16.1 0 0
2010 1 23 6 -18 -7.0 1031.0 20.12 0 0
2010 1 23 7 -18 -7.0 1031.0 24.14 0 0
2010 1 23 8 -18 -6.0 1031.0 25.93 0 0
2010 1 23 9 -18 -2.0 1031.0 30.85 0 0
2010 1 23 10 -17 -1.0 1031.0 38.9 0 0
2010 1 23 11 -17 0.0 1030.0 46.95 0 0
2010 1 23 12 -19 1.0 1029.0 55.0 0 0
2010 1 23 13 -20 2.0 1027.0 63.05 0 0
2010 1 23 14 -19 2.0 1025.0 71.1 0 0
2010 1 23 15 -19 3.0 1024.0 79.15 0 0
2010 1 23 16 -19 3.0 1024.0 86.3 0 0
2010 1 26 12 -15 -1.0 1025.0 1.79 0 0
2010 1 26 13 -18 0.0 1024.0 3.58 0 0
2010 1 26 14 -19 1.0 1023.0 0.89 0 0
2010 1 26 15 -18 2.0 1021.0 1.79 0 0
2010 1 26 16 -17 1.0 1021.0 4.92 0 0
2010 1 26 17 -14 -1.0 1021.0 5.81 0 0
2010 1 26 18 -13 -3.0 1021.0 6.7 0 0
2010 1 26 19 -13 -3.0 1021.0 0.89 0 0
2010 1 26 20 -11 -5.0 1020.0 0.89 0 0
2010 1 26 21 -13 -6.0 1020.0 1.79 0 0
2010 1 26 22 -11 -5.0 1020.0 0.89 0 0
2010 1 26 23 -11 -4.0 1019.0 1.79 0 0
2010 1 27 0 -11 -4.0 1019.0 3.58 0 0
2010 1 27 1 -12 -3.0 1018.0 5.37 0 0
2010 1 27 2 -11 -4.0 1017.0 7.16 0 0
2010 1 27 3 -11 -4.0 1016.0 10.29 0 0
2010 1 27 4 -12 -3.0 1016.0 12.08 0 0
2010 1 27 5 -11 -4.0 1016.0 15.21 0 0
2010 1 27 6 -11 -5.0 1015.0 17.0 0 0
2010 1 27 7 -11 -4.0 1015.0 18.79 0 0
2010 1 27 8 -11 -3.0 1015.0 3.13 0 0
2010 1 27 9 -10 -1.0 1015.0 6.26 0 0
2010 1 27 10 -9 1.0 1015.0 9.39 0 0
2010 1 27 11 -9 3.0 1015.0 1.79 0 0
2010 1 27 12 -9 4.0 1014.0 4.92 0 0
2010 1 27 13 -9 6.0 1013.0 8.05 0 0
2010 1 27 14 -13 8.0 1012.0 16.1 0 0
2010 1 27 15 -14 8.0 1013.0 24.15 0 0
2010 1 27 16 -14 7.0 1014.0 32.2 0 0
2010 1 27 17 -13 7.0 1015.0 39.35 0 0
2010 1 27 18 -13 5.0 1016.0 47.4 0 0
2010 1 27 19 -12 4.0 1018.0 52.32 0 0
2010 1 27 20 -13 3.0 1019.0 56.34 0 0
2010 1 27 21 -14 3.0 1020.0 62.15 0 0
2010 1 27 22 -14 3.0 1021.0 67.96 0 0
2010 1 27 23 -14 0.0 1022.0 71.98 0 0
2010 1 28 0 -13 -1.0 1023.0 76.9 0 0
2010 1 28 1 -15 -1.0 1023.0 7.15 0 0
2010 1 28 2 -15 -1.0 1024.0 12.07 0 0
2010 1 28 3 -15 -2.0 1025.0 16.09 0 0
2010 1 28 4 -15 -2.0 1025.0 21.01 0 0
2010 1 28 5 -15 -3.0 1025.0 25.03 0 0
2010 1 28 6 -15 -3.0 1025.0 3.13 0 0
2010 1 28 7 -15 -3.0 1026.0 8.05 0 0
2010 1 28 8 -16 -3.0 1027.0 12.97 0 0
2010 1 28 9 -17 -2.0 1028.0 20.12 0 0
2010 1 28 10 -18 -2.0 1029.0 25.93 0 0
2010 1 28 11 -19 -1.0 1028.0 35.76 0 0
2010 1 28 12 -21 1.0 1027.0 44.7 0 0
2010 1 28 13 -24 1.0 1026.0 53.64 0 0
2010 1 28 14 -25 1.0 1026.0 62.58 0 0
2010 1 28 15 -25 1.0 1026.0 72.41 0 0
2010 1 28 16 -24 1.0 1026.0 82.24 0 0
2010 1 28 17 -25 0.0 1026.0 91.18 0 0
2010 1 28 18 -22 0.0 1027.0 99.23 0 0
2010 1 28 19 -20 -1.0 1027.0 103.25 0 0
2010 1 28 20 -21 -1.0 1027.0 105.04 0 0
2010 1 28 21 -21 -4.0 1028.0 0.89 0 0
2010 1 28 22 -21 -2.0 1027.0 4.02 0 0
2010 1 28 23 -22 -2.0 1027.0 7.15 0 0
2010 1 29 0 -22 -1.0 1027.0 12.07 0 0
2010 1 29 1 -21 -4.0 1027.0 15.2 0 0
2010 1 29 2 -21 -4.0 1026.0 0.89 0 0
2010 1 29 3 -19 -8.0 1026.0 1.79 0 0
2010 1 29 4 -20 -7.0 1025.0 0.89 0 0
2010 1 29 5 -20 -8.0 1024.0 1.79 0 0
2010 1 29 6 -18 -10.0 1024.0 0.89 0 0
2010 1 29 7 -21 -2.0 1024.0 4.02 0 0
2010 1 29 8 -21 -1.0 1025.0 9.83 0 0
2010 1 29 9 -24 1.0 1025.0 17.88 0 0
2010 1 29 10 -25 2.0 1025.0 26.82 0 0
2010 1 29 11 -24 3.0 1024.0 33.97 0 0
2010 1 29 12 -25 4.0 1023.0 42.02 0 0
2010 1 29 13 -24 5.0 1022.0 50.07 0 0
2010 1 29 14 -25 6.0 1020.0 57.22 0 0
2010 1 29 15 -25 6.0 1020.0 65.27 0 0
2010 1 29 16 -23 6.0 1020.0 72.42 0 0
2010 1 29 17 -22 5.0 1020.0 78.23 0 0
2010 1 29 18 -21 5.0 1020.0 84.04 0 0
2010 1 29 19 -20 5.0 1020.0 89.85 0 0
2010 1 29 20 -20 3.0 1020.0 93.87 0 0
2010 1 29 21 -20 3.0 1020.0 97.89 0 0
2010 1 29 22 -19 3.0 1021.0 101.02 0 0
2010 1 29 23 -19 3.0 1020.0 105.94 0 0
2010 1 30 0 -18 0.0 1020.0 109.96 0 0
2010 1 30 1 -18 0.0 1020.0 114.88 0 0
2010 1 30 2 -15 -1.0 1020.0 1.79 0 0
2010 1 30 3 -15 -2.0 1020.0 0.89 0 0
2010 1 30 4 -16 -1.0 1020.0 4.02 0 0
2010 1 30 5 -16 -4.0 1019.0 8.94 0 0
2010 1 30 6 -15 -5.0 1020.0 0.89 0 0
2010 1 30 7 -16 -5.0 1020.0 3.13 0 0
2010 1 30 8 -15 -6.0 1021.0 0.89 0 0
2010 1 30 9 -15 0.0 1021.0 4.02 0 0
2010 1 30 10 -18 3.0 1021.0 8.04 0 0
2010 1 30 11 -21 5.0 1020.0 12.96 0 0
2010 1 30 12 -22 6.0 1020.0 18.77 0 0
2010 1 30 13 -22 7.0 1019.0 25.92 0 0
2010 1 30 14 -22 7.0 1018.0 35.75 0 0
2010 1 30 15 -23 7.0 1018.0 45.58 0 0
2010 1 30 16 -23 7.0 1017.0 52.73 0 0
2010 1 30 17 -22 6.0 1018.0 58.54 0 0
2010 1 30 18 -21 5.0 1018.0 64.35 0 0
2010 1 30 19 -21 5.0 1019.0 70.16 0 0
2010 1 30 20 -19 4.0 1019.0 74.18 0 0
2010 1 30 21 -19 5.0 1020.0 78.2 0 0
2010 1 30 22 -19 2.0 1020.0 81.33 0 0
2010 1 30 23 -18 2.0 1021.0 84.46 0 0
2010 1 31 0 -18 1.0 1021.0 87.59 0 0
2010 1 31 1 -18 1.0 1021.0 90.72 0 0
2010 1 31 2 -16 -3.0 1022.0 93.85 0 0
2010 1 31 3 -15 -2.0 1022.0 95.64 0 0
2010 1 31 4 -15 0.0 1022.0 99.66 0 0
2010 1 31 5 -17 1.0 1023.0 105.47 0 0
2010 1 31 6 -15 0.0 1023.0 109.49 0 0
2010 1 31 7 -18 0.0 1025.0 113.51 0 0
2010 1 31 8 -17 0.0 1025.0 116.64 0 0
2010 1 31 9 -17 2.0 1026.0 120.66 0 0
2010 1 31 10 -19 3.0 1026.0 129.6 0 0
2010 1 31 11 -19 4.0 1026.0 138.54 0 0
2010 1 31 12 -20 5.0 1025.0 145.69 0 0
2010 1 31 13 -17 5.0 1024.0 4.02 0 0
2010 1 31 14 -18 6.0 1024.0 7.15 0 0
2010 1 31 15 -18 6.0 1024.0 0.89 0 0
2010 1 31 16 -18 5.0 1024.0 1.79 0 0
2010 1 31 17 -17 4.0 1024.0 3.58 0 0
2010 1 31 18 -17 1.0 1024.0 1.79 0 0
2010 1 31 19 -15 -1.0 1025.0 2.68 0 0
2010 1 31 20 -13 -1.0 1025.0 0.89 0 0
2010 1 31 21 -8 -1.0 1026.0 5.81 0 0
2010 1 31 22 -7 -2.0 1027.0 10.73 0 0
2010 1 31 23 -7 -2.0 1027.0 13.86 0 0
2010 2 1 0 -8 -3.0 1027.0 15.65 0 0
2010 2 1 1 -9 -4.0 1027.0 0.89 0 0
2010 2 1 2 -9 -4.0 1027.0 1.78 0 0
2010 2 1 3 -9 -4.0 1027.0 0.89 0 0
2010 2 1 4 -9 -4.0 1026.0 0.89 0 0
2010 2 1 5 -9 -5.0 1027.0 0.89 0 0
2010 2 1 6 -10 -4.0 1027.0 0.89 0 0
2010 2 1 7 -10 -4.0 1027.0 0.89 0 0
2010 2 1 8 -10 -6.0 1028.0 0.89 0 0
2010 2 1 9 -9 -3.0 1028.0 1.79 0 0
2010 2 1 10 -9 -2.0 1028.0 0.89 0 0
2010 2 1 11 -9 -1.0 1028.0 1.79 0 0
2010 2 1 12 -10 0.0 1027.0 6.71 0 0
2010 2 1 13 -12 0.0 1026.0 10.73 0 0
2010 2 1 14 -14 1.0 1026.0 14.75 0 0
2010 2 1 15 -14 0.0 1025.0 16.54 0 0
2010 2 1 16 -12 0.0 1026.0 19.67 0 0
2010 2 1 17 -10 -1.0 1025.0 21.46 0 0
2010 2 1 18 -9 -2.0 1026.0 23.25 0 0
2010 2 1 19 -10 -2.0 1026.0 26.38 0 0
2010 2 1 20 -10 -4.0 1027.0 30.4 0 0
2010 2 1 21 -10 -5.0 1027.0 34.42 0 0
2010 2 1 22 -10 -5.0 1027.0 39.34 0 0
2010 2 1 23 -11 -7.0 1027.0 41.13 0 0
2010 2 2 0 -10 -7.0 1028.0 42.92 0 0
2010 2 2 1 -11 -8.0 1028.0 0.89 0 0
2010 2 2 2 -11 -9.0 1028.0 1.34 0 0
2010 2 2 3 -11 -10.0 1028.0 1.79 0 0
2010 2 2 4 -12 -10.0 1028.0 0.89 0 0
2010 2 2 5 -13 -11.0 1028.0 0.89 0 0
2010 2 2 6 -11 -9.0 1028.0 0.89 0 0
2010 2 2 7 -11 -8.0 1028.0 0.89 0 0
2010 2 2 8 -10 -7.0 1029.0 1.79 0 0
2010 2 2 9 -14 -6.0 1029.0 4.92 0 0
2010 2 2 10 -18 -5.0 1029.0 10.73 0 0
2010 2 2 11 -20 -3.0 1029.0 14.75 0 0
2010 2 2 12 -20 -2.0 1028.0 16.54 0 0
2010 2 2 13 -20 -1.0 1028.0 18.33 0 0
2010 2 2 14 -20 0.0 1027.0 1.79 0 0
2010 2 2 15 -22 0.0 1027.0 2.68 0 0
2010 2 2 16 -22 1.0 1027.0 3.57 0 0
2010 2 2 17 -19 -2.0 1027.0 1.79 0 0
2010 2 2 18 -20 -4.0 1028.0 3.13 0 0
2010 2 2 19 -21 -3.0 1029.0 4.02 0 0
2010 2 2 20 -19 -6.0 1029.0 0.89 0 0
2010 2 2 21 -16 -7.0 1029.0 0.89 0 0
2010 2 2 22 -21 -5.0 1030.0 1.79 0 0
2010 2 2 23 -19 -8.0 1030.0 4.92 0 0
2010 2 3 0 -20 -8.0 1030.0 8.05 0 0
2010 2 3 1 -21 -8.0 1030.0 0.89 0 0
2010 2 3 2 -18 -10.0 1030.0 0.89 0 0
2010 2 3 3 -17 -10.0 1030.0 0.89 0 0
2010 2 3 4 -17 -12.0 1030.0 0.89 0 0
2010 2 3 5 -17 -13.0 1030.0 1.79 0 0
2010 2 3 6 -17 -13.0 1030.0 4.92 0 0
2010 2 3 7 -19 -11.0 1030.0 0.89 0 0
2010 2 3 8 -18 -11.0 1030.0 1.34 0 0
2010 2 3 9 -18 -8.0 1030.0 1.79 0 0
2010 2 3 10 -19 -4.0 1030.0 3.13 0 0
2010 2 3 11 -20 -2.0 1030.0 4.92 0 0
2010 2 3 12 -22 0.0 1029.0 12.07 0 0
2010 2 3 13 -23 1.0 1027.0 19.22 0 0
2010 2 3 14 -24 1.0 1026.0 28.16 0 0
2010 2 3 15 -25 2.0 1026.0 37.1 0 0
2010 2 3 16 -22 2.0 1026.0 46.93 0 0
2010 2 3 17 -21 1.0 1026.0 54.08 0 0
2010 2 3 18 -22 1.0 1026.0 59.0 0 0
2010 2 3 19 -17 0.0 1027.0 63.02 0 0
2010 2 3 20 -20 -4.0 1027.0 0.89 0 0
2010 2 3 21 -20 -5.0 1028.0 1.79 0 0
2010 2 3 22 -21 -6.0 1028.0 4.92 0 0
2010 2 3 23 -21 -7.0 1028.0 0.45 0 0
2010 2 4 0 -21 -7.0 1028.0 1.79 0 0
2010 2 4 1 -21 -8.0 1028.0 4.92 0 0
2010 2 4 2 -21 -9.0 1028.0 0.89 0 0
2010 2 4 3 -19 -10.0 1028.0 1.34 0 0
2010 2 4 4 -19 -10.0 1028.0 1.79 0 0
2010 2 4 5 -19 -12.0 1028.0 0.89 0 0
2010 2 4 6 -18 -12.0 1028.0 0.89 0 0
2010 2 4 7 -20 -15.0 1028.0 4.02 0 0
2010 2 4 8 -17 -10.0 1028.0 8.04 0 0
2010 2 4 9 -19 -5.0 1028.0 12.06 0 0
2010 2 4 10 -20 -3.0 1028.0 15.19 0 0
2010 2 4 11 -20 -2.0 1028.0 4.02 0 0
2010 2 4 12 -22 0.0 1027.0 3.13 0 0
2010 2 4 13 -22 1.0 1025.0 7.15 0 0
2010 2 4 14 -22 1.0 1025.0 1.79 0 0
2010 2 4 15 -23 1.0 1024.0 4.92 0 0
2010 2 4 16 -23 1.0 1024.0 6.71 0 0
2010 2 4 17 -22 0.0 1024.0 8.5 0 0
2010 2 4 18 -20 -4.0 1025.0 11.63 0 0
2010 2 4 19 -22 -3.0 1026.0 14.76 0 0
2010 2 4 20 -22 -3.0 1026.0 15.65 0 0
2010 2 4 21 -20 -5.0 1027.0 1.79 0 0
2010 2 4 22 -21 -3.0 1027.0 0.89 0 0
2010 2 4 23 -19 -4.0 1027.0 1.79 0 0
2010 2 5 0 -19 -4.0 1027.0 4.92 0 0
2010 2 5 1 -19 -4.0 1027.0 8.05 0 0
2010 2 5 2 -19 -4.0 1028.0 0.89 0 0
2010 2 5 3 -19 -5.0 1028.0 1.79 0 0
2010 2 5 4 -15 -5.0 1028.0 1.79 0 0
2010 2 5 5 -13 -6.0 1028.0 0.89 0 0
2010 2 5 6 -13 -7.0 1029.0 0.89 0 0
2010 2 5 7 -12 -7.0 1030.0 1.78 0 0
2010 2 5 8 -19 -6.0 1030.0 3.13 0 0
2010 2 5 9 -18 -5.0 1031.0 4.92 0 0
2010 2 5 10 -14 -4.0 1031.0 1.79 0 0
2010 2 5 11 -13 -3.0 1031.0 1.79 0 0
2010 2 5 12 -14 -2.0 1031.0 3.58 0 0
2010 2 5 13 -13 -1.0 1030.0 6.71 0 0
2010 2 5 14 -14 -1.0 1029.0 1.79 0 0
2010 2 5 15 -13 -1.0 1029.0 1.79 0 0
2010 2 5 16 -12 -1.0 1029.0 3.58 0 0
2010 2 5 17 -12 -2.0 1030.0 5.37 0 0
2010 2 5 18 -12 -4.0 1030.0 6.26 0 0
2010 2 5 19 -13 -4.0 1031.0 8.05 0 0
2010 2 5 20 -13 -5.0 1031.0 8.94 0 0
2010 2 5 21 -12 -5.0 1032.0 9.83 0 0
2010 2 5 22 -12 -6.0 1033.0 11.62 0 0
2010 2 5 23 -11 -6.0 1033.0 13.41 0 0
2010 2 6 0 -11 -7.0 1033.0 15.2 0 0
2010 2 6 1 -11 -8.0 1033.0 16.99 0 0
2010 2 6 2 -11 -8.0 1033.0 18.78 0 0
2010 2 6 3 -11 -8.0 1033.0 20.57 0 0
2010 2 6 4 -11 -7.0 1032.0 23.7 0 0
2010 2 6 5 -11 -7.0 1032.0 25.49 0 0
2010 2 6 6 -12 -7.0 1032.0 27.28 0 0
2010 2 6 7 -12 -7.0 1032.0 29.07 0 0
2010 2 6 8 -13 -7.0 1033.0 0.89 0 0
2010 2 6 9 -12 -6.0 1033.0 1.79 1 0
2010 2 6 10 -11 -5.0 1032.0 4.92 0 0
2010 2 6 11 -11 -4.0 1032.0 8.05 0 0
2010 2 6 12 -11 -3.0 1031.0 11.18 0 0
2010 2 6 13 -11 -3.0 1030.0 15.2 0 0
2010 2 6 14 -12 -2.0 1029.0 19.22 0 0
2010 2 6 15 -12 -2.0 1029.0 22.35 0 0
2010 2 6 16 -12 -2.0 1028.0 25.48 0 0
2010 2 6 17 -12 -2.0 1027.0 29.5 0 0
2010 2 6 18 -10 -3.0 1028.0 33.52 0 0
2010 2 6 19 -9 -3.0 1029.0 35.31 1 0
2010 2 6 20 -7 -4.0 1029.0 37.1 2 0
2010 2 6 21 -6 -5.0 1028.0 38.89 3 0
2010 2 6 22 -6 -5.0 1028.0 42.02 4 0
2010 2 6 23 -6 -5.0 1027.0 45.15 5 0
2010 2 7 0 -6 -5.0 1027.0 46.94 6 0
2010 2 7 1 -7 -5.0 1026.0 48.73 7 0
2010 2 7 2 -7 -5.0 1025.0 0.89 8 0
2010 2 7 3 -7 -5.0 1025.0 1.78 9 0
2010 2 7 4 -7 -6.0 1024.0 0.89 10 0
2010 2 7 5 -7 -6.0 1024.0 0.89 0 0
2010 2 7 6 -7 -6.0 1024.0 0.89 0 0
2010 2 7 7 -7 -6.0 1023.0 1.78 0 0
2010 2 7 8 -6 -5.0 1024.0 1.79 0 0
2010 2 7 9 -6 -5.0 1024.0 1.79 1 0
2010 2 7 10 -6 -4.0 1023.0 3.58 0 0
2010 2 7 11 -6 -4.0 1023.0 0.89 0 0
2010 2 7 12 -6 -3.0 1023.0 1.78 0 0
2010 2 7 13 -7 -3.0 1022.0 2.67 0 0
2010 2 7 14 -7 -3.0 1021.0 3.56 0 0
2010 2 7 15 -6 -2.0 1020.0 1.79 0 0
2010 2 7 16 -6 -2.0 1020.0 3.58 0 0
2010 2 7 17 -6 -3.0 1020.0 5.37 0 0
2010 2 7 18 -7 -4.0 1020.0 0.89 0 0
2010 2 7 19 -7 -5.0 1021.0 0.89 0 0
2010 2 7 20 -7 -5.0 1021.0 1.78 0 0
2010 2 7 21 -6 -4.0 1022.0 2.67 0 0
2010 2 7 22 -5 -3.0 1022.0 0.89 0 0
2010 2 7 23 -7 -5.0 1020.0 1.79 0 0
2010 2 8 0 -6 -4.0 1021.0 0.89 0 0
2010 2 8 1 -6 -5.0 1020.0 1.34 0 0
2010 2 8 2 -7 -6.0 1020.0 0.89 0 0
2010 2 8 3 -8 -6.0 1020.0 0.89 0 0
2010 2 8 4 -6 -5.0 1019.0 0.89 0 0
2010 2 8 5 -6 -4.0 1019.0 1.79 0 0
2010 2 8 6 -6 -4.0 1019.0 1.79 0 0
2010 2 8 7 -6 -4.0 1020.0 4.92 0 0
2010 2 8 8 -6 -4.0 1019.0 8.05 0 0
2010 2 8 9 -5 -3.0 1020.0 12.07 0 0
2010 2 8 10 -5 -2.0 1020.0 15.2 0 0
2010 2 8 11 -5 -1.0 1019.0 0.89 0 0
2010 2 8 12 -5 0.0 1019.0 2.68 0 0
2010 2 8 13 -5 2.0 1017.0 1.79 0 0
2010 2 8 14 -5 4.0 1017.0 0.89 0 0
2010 2 8 15 -5 5.0 1017.0 1.79 0 0
2010 2 8 16 -4 4.0 1017.0 4.92 0 0
2010 2 8 17 -4 3.0 1017.0 6.71 0 0
2010 2 8 18 -5 1.0 1019.0 0.89 0 0
2010 2 8 19 -4 0.0 1020.0 0.89 0 0
2010 2 8 20 -4 -1.0 1020.0 0.89 0 0
2010 2 8 21 -5 -2.0 1020.0 1.78 0 0
2010 2 8 22 -4 -2.0 1021.0 2.23 0 0
2010 2 8 23 -4 -3.0 1021.0 3.12 0 0
2010 2 9 0 -5 -3.0 1021.0 1.79 0 0
2010 2 9 1 -5 -3.0 1022.0 0.89 0 0
2010 2 9 2 -6 -4.0 1022.0 0.89 0 0
2010 2 9 3 -5 -3.0 1022.0 0.89 0 0
2010 2 9 4 -6 -5.0 1022.0 2.68 0 0
2010 2 9 5 -6 -5.0 1022.0 5.81 0 0
2010 2 9 6 -5 -4.0 1023.0 0.89 0 0
2010 2 9 7 -5 -4.0 1023.0 1.34 0 0
2010 2 9 8 -4 -3.0 1024.0 2.23 0 0
2010 2 9 9 -9 1.0 1025.0 4.02 0 0
2010 2 9 10 -15 2.0 1025.0 8.04 0 0
2010 2 9 11 -17 3.0 1025.0 3.13 0 0
2010 2 9 12 -18 4.0 1025.0 4.92 0 0
2010 2 9 13 -16 4.0 1024.0 0.89 0 0
2010 2 9 14 -14 5.0 1023.0 1.78 0 0
2010 2 9 15 -13 4.0 1023.0 1.79 0 0
2010 2 9 16 -12 4.0 1023.0 0.89 0 0
2010 2 9 17 -11 3.0 1024.0 1.79 0 0
2010 2 9 18 -10 2.0 1024.0 3.58 0 0
2010 2 9 19 -7 2.0 1025.0 6.71 0 0
2010 2 9 20 -6 0.0 1025.0 0.89 0 0
2010 2 9 21 -8 -1.0 1026.0 3.13 0 0
2010 2 9 22 -15 1.0 1026.0 8.05 0 0
2010 2 9 23 -18 1.0 1027.0 12.07 0 0
2010 2 10 0 -20 0.0 1028.0 16.09 0 0
2010 2 10 1 -19 0.0 1028.0 21.01 0 0
2010 2 10 2 -21 -1.0 1028.0 25.03 0 0
2010 2 10 3 -21 -1.0 1029.0 29.95 0 0
2010 2 10 4 -22 -2.0 1029.0 34.87 0 0
2010 2 10 5 -22 -2.0 1030.0 39.79 0 0
2010 2 10 6 -22 -3.0 1030.0 45.6 0 0
2010 2 10 7 -22 -3.0 1031.0 51.41 0 0
2010 2 10 8 -23 -4.0 1032.0 58.56 0 0
2010 2 10 9 -23 -4.0 1033.0 65.71 0 0
2010 2 10 10 -22 -3.0 1033.0 71.52 0 0
2010 2 10 11 -24 -2.0 1032.0 77.33 0 0
2010 2 10 12 -24 -1.0 1032.0 83.14 0 0
2010 2 10 13 -26 0.0 1031.0 5.81 0 0
2010 2 10 14 -26 0.0 1030.0 5.81 0 0
2010 2 10 15 -22 0.0 1030.0 11.62 0 0
2010 2 10 16 -22 0.0 1030.0 17.43 0 0
2010 2 10 17 -23 -1.0 1030.0 24.58 0 0
2010 2 10 18 -23 -1.0 1031.0 31.73 0 0
2010 2 10 19 -22 -1.0 1032.0 38.88 0 0
2010 2 10 20 -22 -2.0 1032.0 44.69 0 0
2010 2 10 21 -21 -2.0 1033.0 50.5 0 0
2010 2 10 22 -22 -2.0 1034.0 56.31 0 0
2010 2 10 23 -21 -3.0 1035.0 61.23 0 0
2010 2 11 0 -22 -3.0 1035.0 67.04 0 0
2010 2 11 1 -22 -3.0 1035.0 72.85 0 0
2010 2 11 2 -22 -3.0 1035.0 77.77 0 0
2010 2 11 3 -22 -4.0 1035.0 82.69 0 0
2010 2 11 4 -23 -4.0 1034.0 89.84 0 0
2010 2 11 5 -23 -5.0 1034.0 95.65 0 0
2010 2 11 6 -23 -5.0 1035.0 5.81 0 0
2010 2 11 7 -22 -6.0 1036.0 9.83 0 0
2010 2 11 8 -22 -5.0 1037.0 14.75 0 0
2010 2 11 9 -22 -4.0 1037.0 19.67 0 0
2010 2 11 10 -22 -4.0 1037.0 25.48 0 0
2010 2 11 11 -22 -3.0 1037.0 5.81 0 0
2010 2 11 12 -22 -3.0 1036.0 11.62 0 0
2010 2 11 13 -24 -2.0 1036.0 4.92 0 0
2010 2 11 14 -23 -2.0 1035.0 4.02 0 0
2010 2 11 15 -23 -2.0 1035.0 7.15 0 0
2010 2 11 16 -23 -2.0 1035.0 4.02 0 0
2010 2 11 17 -23 -2.0 1035.0 4.92 0 0
2010 2 11 18 -22 -3.0 1035.0 8.05 0 0
2010 2 11 19 -21 -3.0 1036.0 11.18 0 0
2010 2 11 20 -21 -5.0 1036.0 3.13 0 0
2010 2 11 21 -21 -5.0 1036.0 8.05 0 0
2010 2 11 22 -20 -5.0 1037.0 11.18 0 0
2010 2 11 23 -21 -5.0 1038.0 4.02 0 0
2010 2 12 0 -22 -5.0 1038.0 9.83 0 0
2010 2 12 1 -22 -6.0 1038.0 14.75 0 0
2010 2 12 2 -22 -6.0 1038.0 18.77 0 0
2010 2 12 3 -22 -7.0 1037.0 22.79 0 0
2010 2 12 4 -23 -8.0 1037.0 3.13 0 0
2010 2 12 5 -22 -8.0 1037.0 7.15 0 0
2010 2 12 6 -22 -9.0 1038.0 11.17 0 0
2010 2 12 7 -23 -9.0 1038.0 14.3 0 0
2010 2 12 8 -21 -9.0 1038.0 17.43 0 0
2010 2 12 9 -22 -6.0 1038.0 4.02 0 0
2010 2 12 10 -22 -5.0 1037.0 7.15 0 0
2010 2 12 11 -22 -4.0 1036.0 3.13 0 0
2010 2 12 12 -23 -3.0 1035.0 3.13 0 0
2010 2 12 13 -23 -2.0 1034.0 3.13 0 0
2010 2 12 14 -23 -1.0 1033.0 6.26 0 0
2010 2 12 15 -23 -1.0 1032.0 1.79 0 0
2010 2 12 16 -23 -1.0 1032.0 1.79 0 0
2010 2 12 17 -23 -1.0 1031.0 3.58 0 0
2010 2 12 18 -22 -3.0 1031.0 5.37 0 0
2010 2 12 19 -21 -4.0 1032.0 0.89 0 0
2010 2 12 20 -19 -5.0 1032.0 0.89 0 0
2010 2 12 21 -18 -6.0 1032.0 1.34 0 0
2010 2 12 22 -16 -8.0 1032.0 1.79 0 0
2010 2 12 23 -18 -8.0 1032.0 0.89 0 0
2010 2 13 0 -18 -8.0 1031.0 3.13 0 0
2010 2 13 1 -18 -11.0 1031.0 6.26 0 0
2010 2 13 2 -19 -8.0 1031.0 8.05 0 0
2010 2 13 3 -19 -11.0 1030.0 11.18 0 0
2010 2 13 4 -19 -10.0 1030.0 14.31 0 0
2010 2 13 5 -19 -11.0 1030.0 16.1 0 0
2010 2 13 6 -19 -11.0 1030.0 19.23 0 0
2010 2 13 7 -19 -11.0 1030.0 21.02 0 0
2010 2 13 8 -17 -10.0 1031.0 24.15 0 0
2010 2 13 9 -17 -7.0 1031.0 0.89 0 0
2010 2 13 10 -18 -5.0 1031.0 1.78 0 0
2010 2 13 11 -18 -3.0 1030.0 1.79 0 0
2010 2 13 12 -19 0.0 1029.0 0.89 0 0
2010 2 13 13 -20 1.0 1028.0 1.79 0 0
2010 2 13 14 -20 3.0 1027.0 1.79 0 0
2010 2 13 15 -20 3.0 1026.0 3.13 0 0
2010 2 13 16 -20 3.0 1026.0 7.15 0 0
2010 2 13 17 -20 2.0 1026.0 11.17 0 0
2010 2 13 18 -18 0.0 1026.0 15.19 0 0
2010 2 13 19 -15 -1.0 1027.0 18.32 0 0
2010 2 13 20 -15 0.0 1027.0 22.34 0 0
2010 2 13 21 -15 -4.0 1027.0 0.89 0 0
2010 2 13 22 -13 -5.0 1028.0 1.78 0 0
2010 2 13 23 -13 -6.0 1028.0 2.67 0 0
2010 2 14 0 -13 -7.0 1028.0 0.89 0 0
2010 2 14 1 -14 -7.0 1029.0 0.89 0 0
2010 2 14 3 -14 -6.0 1030.0 6.26 0 0
2010 2 14 4 -14 -5.0 1030.0 10.28 0 0
2010 2 14 5 -17 -3.0 1030.0 15.2 0 0
2010 2 14 6 -17 -3.0 1031.0 4.02 0 0
2010 2 14 7 -18 -4.0 1032.0 4.02 0 0
2010 2 14 8 -20 -3.0 1033.0 8.94 0 0
2010 2 14 9 -21 -3.0 1034.0 14.75 0 0
2010 2 14 10 -22 -3.0 1035.0 20.56 0 0
2010 2 14 11 -22 -3.0 1035.0 5.81 0 0
2010 2 14 12 -23 -2.0 1035.0 4.92 0 0
2010 2 14 13 -24 -2.0 1033.0 4.92 0 0
2010 2 14 14 -23 -2.0 1033.0 9.84 0 0
2010 2 14 15 -24 -2.0 1032.0 13.86 0 0
2010 2 14 16 -24 -2.0 1032.0 17.88 0 0
2010 2 14 17 -23 -2.0 1032.0 21.9 0 0
2010 2 14 18 -23 -4.0 1033.0 23.69 0 0
2010 2 14 19 -22 -5.0 1033.0 0.89 0 0
2010 2 14 20 -23 -5.0 1035.0 1.79 0 0
2010 2 14 21 -22 -8.0 1035.0 4.92 0 0
2010 2 14 22 -21 -7.0 1036.0 8.05 0 0
2010 2 14 23 -22 -8.0 1036.0 11.18 0 0
2010 2 15 0 -21 -7.0 1036.0 4.02 0 0
2010 2 15 1 -22 -7.0 1037.0 8.04 0 0
2010 2 15 2 -22 -7.0 1036.0 12.96 0 0
2010 2 15 3 -22 -8.0 1037.0 0.89 0 0
2010 2 15 4 -22 -8.0 1036.0 1.78 0 0
2010 2 15 5 -22 -9.0 1036.0 3.13 0 0
2010 2 15 6 -22 -9.0 1036.0 7.15 0 0
2010 2 15 7 -22 -10.0 1037.0 4.02 0 0
2010 2 15 8 -21 -9.0 1037.0 7.15 0 0
2010 2 15 9 -22 -6.0 1038.0 10.28 0 0
2010 2 15 10 -23 -5.0 1038.0 12.07 0 0
2010 2 15 11 -23 -4.0 1037.0 15.2 0 0
2010 2 15 12 -23 -3.0 1036.0 16.99 0 0
2010 2 15 13 -23 -1.0 1035.0 18.78 0 0
2010 2 15 14 -23 0.0 1033.0 4.02 0 0
2010 2 15 15 -26 0.0 1032.0 1.79 0 0
2010 2 15 16 -26 0.0 1032.0 2.68 0 0
2010 2 15 17 -26 0.0 1032.0 3.57 0 0
2010 2 15 18 -23 -3.0 1033.0 1.79 0 0
2010 2 15 19 -22 -4.0 1033.0 2.68 0 0
2010 2 15 20 -21 -6.0 1034.0 0.89 0 0
2010 2 15 21 -20 -9.0 1034.0 0.89 0 0
2010 2 15 22 -20 -8.0 1034.0 0.89 0 0
2010 2 15 23 -18 -10.0 1034.0 1.79 0 0
2010 2 16 0 -17 -11.0 1034.0 4.92 0 0
2010 2 16 1 -19 -10.0 1034.0 8.05 0 0
2010 2 16 2 -19 -11.0 1034.0 11.18 0 0
2010 2 16 3 -20 -12.0 1034.0 12.07 0 0
2010 2 16 4 -18 -12.0 1033.0 0.45 0 0
2010 2 16 5 -17 -13.0 1033.0 0.89 0 0
2010 2 16 6 -20 -12.0 1033.0 4.02 0 0
2010 2 16 7 -20 -12.0 1033.0 8.04 0 0
2010 2 16 8 -18 -11.0 1033.0 9.83 0 0
2010 2 16 9 -19 -7.0 1033.0 12.96 0 0
2010 2 16 10 -20 -4.0 1032.0 0.89 0 0
2010 2 16 11 -20 -3.0 1032.0 1.78 0 0
2010 2 16 12 -21 -1.0 1031.0 1.79 0 0
2010 2 16 13 -21 1.0 1030.0 0.89 0 0
2010 2 16 14 -19 2.0 1028.0 4.02 0 0
2010 2 16 15 -16 3.0 1027.0 8.04 0 0
2010 2 16 16 -15 3.0 1027.0 12.06 0 0
2010 2 16 17 -15 1.0 1026.0 15.19 0 0
2010 2 16 18 -13 -1.0 1026.0 18.32 0 0
2010 2 16 19 -12 -1.0 1027.0 20.11 0 0
2010 2 16 20 -12 -3.0 1027.0 21.0 0 0
2010 2 16 21 -12 -5.0 1026.0 0.89 0 0
2010 2 16 22 -12 -6.0 1026.0 1.78 0 0
2010 2 16 23 -12 -4.0 1026.0 0.89 0 0
2010 2 17 0 -13 -6.0 1025.0 0.89 0 0
2010 2 17 1 -13 -5.0 1025.0 1.78 0 0
2010 2 17 2 -12 -6.0 1025.0 3.13 0 0
2010 2 17 3 -12 -5.0 1025.0 7.15 0 0
2010 2 17 4 -12 -3.0 1024.0 11.17 0 0
2010 2 17 5 -8 -1.0 1024.0 19.22 0 0
2010 2 17 6 -15 -1.0 1025.0 28.16 0 0
2010 2 17 7 -15 -2.0 1026.0 35.31 0 0
2010 2 17 8 -19 -3.0 1027.0 42.46 0 0
2010 2 17 9 -22 -2.0 1028.0 54.53 0 0
2010 2 17 10 -22 -1.0 1029.0 63.47 0 0
2010 2 17 11 -23 -1.0 1028.0 74.65 0 0
2010 2 17 12 -25 0.0 1028.0 86.72 0 0
2010 2 17 13 -25 1.0 1027.0 97.9 0 0
2010 2 17 14 -25 1.0 1027.0 107.73 0 0
2010 2 17 15 -26 2.0 1026.0 118.91 0 0
2010 2 17 16 -27 1.0 1026.0 130.09 0 0
2010 2 17 17 -25 1.0 1026.0 139.03 0 0
2010 2 17 18 -22 -3.0 1026.0 1.79 0 0
2010 2 17 19 -22 -2.0 1026.0 0.89 0 0
2010 2 17 20 -19 -4.0 1026.0 2.68 0 0
2010 2 17 21 -18 -4.0 1027.0 4.47 0 0
2010 2 17 22 -20 -4.0 1027.0 6.26 0 0
2010 2 17 23 -18 -8.0 1027.0 9.39 0 0
2010 2 18 0 -19 -6.0 1027.0 0.45 0 0
2010 2 18 1 -19 -7.0 1027.0 0.89 0 0
2010 2 18 2 -17 -9.0 1026.0 0.89 0 0
2010 2 18 3 -18 -9.0 1026.0 0.89 0 0
2010 2 18 4 -16 -10.0 1025.0 0.89 0 0
2010 2 18 5 -18 -9.0 1025.0 0.89 0 0
2010 2 18 6 -18 -11.0 1026.0 1.79 0 0
2010 2 18 7 -18 -11.0 1026.0 0.89 0 0
2010 2 18 8 -17 -8.0 1026.0 1.78 0 0
2010 2 18 9 -18 -4.0 1027.0 3.13 0 0
2010 2 18 10 -17 0.0 1026.0 0.89 0 0
2010 2 18 11 -21 2.0 1026.0 1.78 0 0
2010 2 18 12 -21 3.0 1024.0 2.67 0 0
2010 2 18 13 -21 5.0 1022.0 5.81 0 0
2010 2 18 14 -21 5.0 1021.0 11.62 0 0
2010 2 18 15 -21 6.0 1021.0 13.41 0 0
2010 2 18 16 -21 4.0 1021.0 5.81 0 0
2010 2 18 17 -21 4.0 1021.0 9.83 0 0
2010 2 18 18 -21 3.0 1021.0 4.02 0 0
2010 2 18 19 -20 2.0 1021.0 4.92 0 0
2010 2 18 20 -20 3.0 1021.0 8.94 0 0
2010 2 18 21 -20 2.0 1021.0 12.96 0 0
2010 2 18 22 -17 -1.0 1021.0 14.75 0 0
2010 2 18 23 -16 -3.0 1021.0 0.89 0 0
2010 2 19 0 -15 -5.0 1020.0 1.78 0 0
2010 2 19 1 -15 -6.0 1020.0 2.67 0 0
2010 2 19 2 -14 -7.0 1019.0 3.56 0 0
2010 2 19 3 -15 -8.0 1019.0 4.45 0 0
2010 2 19 4 -15 -8.0 1018.0 4.9 0 0
2010 2 19 5 -15 -8.0 1018.0 5.79 0 0
2010 2 19 6 -15 -9.0 1018.0 1.79 0 0
2010 2 19 7 -15 -9.0 1018.0 3.58 0 0
2010 2 19 8 -13 -6.0 1018.0 0.89 0 0
2010 2 19 9 -14 -2.0 1018.0 2.68 0 0
2010 2 19 10 -15 1.0 1018.0 4.47 0 0
2010 2 19 11 -17 4.0 1017.0 0.89 0 0
2010 2 19 12 -16 7.0 1017.0 1.78 0 0
2010 2 19 13 -16 9.0 1016.0 4.02 0 0
2010 2 19 14 -17 10.0 1015.0 5.81 0 0
2010 2 19 15 -18 11.0 1014.0 8.94 0 0
2010 2 19 16 -18 10.0 1014.0 3.13 0 0
2010 2 19 17 -18 9.0 1014.0 3.13 0 0
2010 2 19 18 -19 7.0 1014.0 6.26 0 0
2010 2 19 19 -18 7.0 1014.0 10.28 0 0
2010 2 19 20 -16 1.0 1015.0 0.89 0 0
2010 2 19 21 -14 -1.0 1015.0 1.78 0 0
2010 2 19 22 -13 -2.0 1015.0 2.67 0 0
2010 2 19 23 -13 -3.0 1015.0 3.56 0 0
2010 2 20 0 -12 -4.0 1015.0 4.45 0 0
2010 2 20 1 -14 -1.0 1015.0 5.34 0 0
2010 2 20 2 -14 -3.0 1015.0 0.89 0 0
2010 2 20 3 -12 -5.0 1014.0 1.78 0 0
2010 2 20 4 -12 -6.0 1014.0 3.57 0 0
2010 2 20 5 -12 -6.0 1014.0 5.36 0 0
2010 2 20 6 -12 -7.0 1014.0 0.89 0 0
2010 2 20 7 -13 -8.0 1014.0 1.79 0 0
2010 2 20 8 -11 -6.0 1014.0 0.89 0 0
2010 2 20 9 -12 0.0 1015.0 1.79 0 0
2010 2 20 10 -12 3.0 1014.0 1.79 0 0
2010 2 20 11 -11 5.0 1014.0 3.58 0 0
2010 2 20 12 -10 7.0 1013.0 5.37 0 0
2010 2 20 13 -9 8.0 1012.0 8.5 0 0
2010 2 20 14 -9 9.0 1011.0 11.63 0 0
2010 2 20 15 -8 9.0 1010.0 14.76 0 0
2010 2 20 16 -8 9.0 1011.0 0.89 0 0
2010 2 20 17 -8 8.0 1010.0 1.78 0 0
2010 2 20 18 -8 7.0 1010.0 3.13 0 0
2010 2 20 19 -8 5.0 1011.0 4.92 0 0
2010 2 20 20 -9 2.0 1011.0 1.79 0 0
2010 2 20 21 -7 -1.0 1011.0 0.89 0 0
2010 2 20 22 -8 -2.0 1012.0 0.45 0 0
2010 2 20 23 -8 -2.0 1011.0 1.34 0 0
2010 2 21 0 -7 -2.0 1011.0 2.23 0 0
2010 2 21 1 -6 -1.0 1011.0 2.68 0 0
2010 2 21 2 -6 -2.0 1011.0 3.57 0 0
2010 2 21 3 -6 -2.0 1011.0 0.89 0 0
2010 2 21 4 -7 -2.0 1011.0 2.68 0 0
2010 2 21 5 -8 -3.0 1011.0 4.47 0 0
2010 2 21 6 -8 -5.0 1011.0 7.6 0 0
2010 2 21 7 -7 -3.0 1012.0 9.39 0 0
2010 2 21 8 -6 -1.0 1013.0 12.52 0 0
2010 2 21 9 -6 3.0 1014.0 17.44 0 0
2010 2 21 10 -8 6.0 1014.0 22.36 0 0
2010 2 21 11 -8 10.0 1014.0 25.49 0 0
2010 2 21 12 -13 12.0 1014.0 31.3 0 0
2010 2 21 13 -15 13.0 1013.0 36.22 0 0
2010 2 21 14 -15 14.0 1012.0 42.03 0 0
2010 2 21 15 -15 14.0 1012.0 47.84 0 0
2010 2 21 16 -15 14.0 1012.0 51.86 0 0
2010 2 21 17 -15 12.0 1013.0 3.13 0 0
2010 2 21 18 -15 9.0 1014.0 0.89 0 0
2010 2 21 19 -13 4.0 1015.0 1.78 0 0
2010 2 21 20 -13 4.0 1016.0 2.67 0 0
2010 2 21 21 -12 4.0 1017.0 1.79 0 0
2010 2 21 22 -3 2.0 1018.0 7.6 0 0
2010 2 21 23 -6 1.0 1019.0 11.62 0 0
2010 2 22 0 -6 -1.0 1020.0 0.89 0 0
2010 2 22 1 -5 0.0 1021.0 1.34 0 0
2010 2 22 2 -6 -2.0 1021.0 1.79 0 0
2010 2 22 3 -7 -1.0 1021.0 4.92 0 0
2010 2 22 4 -8 -3.0 1021.0 6.71 0 0
2010 2 22 5 -8 -3.0 1021.0 8.5 0 0
2010 2 22 6 -7 -3.0 1021.0 10.29 0 0
2010 2 22 7 -8 -4.0 1021.0 12.08 0 0
2010 2 22 8 -7 -2.0 1022.0 15.21 0 0
2010 2 22 9 -7 -1.0 1022.0 19.23 0 0
2010 2 22 10 -8 0.0 1022.0 23.25 0 0
2010 2 22 11 -9 2.0 1022.0 26.38 0 0
2010 2 22 12 -10 3.0 1020.0 31.3 0 0
2010 2 22 13 -10 3.0 1019.0 34.43 0 0
2010 2 22 14 -10 4.0 1018.0 38.45 0 0
2010 2 22 15 -10 5.0 1017.0 42.47 0 0
2010 2 22 16 -10 4.0 1016.0 45.6 0 0
2010 2 22 17 -9 3.0 1015.0 48.73 0 0
2010 2 22 18 -8 2.0 1015.0 49.62 0 0
2010 2 22 19 -7 0.0 1015.0 51.41 0 0
2010 2 22 20 -7 -1.0 1014.0 0.89 0 0
2010 2 22 21 -7 0.0 1014.0 3.13 0 0
2010 2 22 22 -6 -1.0 1014.0 4.92 0 0
2010 2 22 23 -7 -2.0 1014.0 0.89 0 0
2010 2 23 0 -7 -4.0 1013.0 0.89 0 0
2010 2 23 1 -6 -4.0 1013.0 0.89 0 0
2010 2 23 2 -7 -4.0 1012.0 0.89 0 0
2010 2 23 3 -8 -5.0 1012.0 1.78 0 0
2010 2 23 4 -7 -5.0 1011.0 2.23 0 0
2010 2 23 5 -8 -6.0 1011.0 0.89 0 0
2010 2 23 6 -7 -6.0 1010.0 1.79 0 0
2010 2 23 7 -8 -6.0 1010.0 3.58 0 0
2010 2 23 8 -6 -4.0 1010.0 0.89 0 0
2010 2 23 9 -5 -1.0 1010.0 1.78 0 0
2010 2 23 10 -6 0.0 1009.0 1.79 0 0
2010 2 23 11 -7 2.0 1008.0 0.89 0 0
2010 2 23 12 -7 4.0 1007.0 1.78 0 0
2010 2 23 13 -7 5.0 1006.0 1.79 0 0
2010 2 23 14 -7 6.0 1004.0 0.89 0 0
2010 2 23 15 -6 7.0 1003.0 1.78 0 0
2010 2 23 16 -6 7.0 1003.0 1.79 0 0
2010 2 23 17 -6 7.0 1003.0 3.58 0 0
2010 2 23 18 -6 5.0 1003.0 4.47 0 0
2010 2 23 19 -7 3.0 1003.0 0.89 0 0
2010 2 23 20 -6 2.0 1003.0 1.79 0 0
2010 2 23 21 -6 0.0 1004.0 0.89 0 0
2010 2 23 22 -5 0.0 1004.0 0.45 0 0
2010 2 23 23 -6 -1.0 1004.0 1.34 0 0
2010 2 24 0 -6 -1.0 1003.0 1.79 0 0
2010 2 24 1 -6 0.0 1003.0 3.58 0 0
2010 2 24 2 -5 -1.0 1003.0 0.89 0 0
2010 2 24 3 -6 1.0 1003.0 1.78 0 0
2010 2 24 4 -6 -1.0 1002.0 1.79 0 0
2010 2 24 5 -5 -2.0 1003.0 3.58 0 0
2010 2 24 6 -5 -2.0 1003.0 6.71 0 0
2010 2 24 7 -5 -1.0 1003.0 9.84 0 0
2010 2 24 8 -5 0.0 1004.0 12.97 0 0
2010 2 24 9 -5 3.0 1004.0 16.99 0 0
2010 2 24 10 -4 5.0 1004.0 21.01 0 0
2010 2 24 11 -4 6.0 1004.0 25.03 0 0
2010 2 24 12 -4 7.0 1004.0 29.05 0 0
2010 2 24 13 -2 10.0 1003.0 33.97 0 0
2010 2 24 14 -2 11.0 1002.0 37.1 0 0
2010 2 24 15 -2 11.0 1002.0 0.89 0 0
2010 2 24 16 -1 11.0 1003.0 1.78 0 0
2010 2 24 17 0 10.0 1003.0 1.79 0 0
2010 2 24 18 0 8.0 1005.0 4.92 0 0
2010 2 24 19 2 6.0 1006.0 0.89 0 0
2010 2 24 20 3 7.0 1007.0 1.79 0 0
2010 2 24 21 3 6.0 1008.0 3.58 0 0
2010 2 24 22 2 6.0 1009.0 6.71 0 0
2010 2 24 23 3 5.0 1010.0 0.89 0 0
2010 2 25 0 2 4.0 1010.0 1.78 0 0
2010 2 25 1 1 3.0 1011.0 2.67 0 0
2010 2 25 2 1 3.0 1012.0 3.12 0 0
2010 2 25 3 1 3.0 1012.0 4.01 0 0
2010 2 25 4 0 2.0 1012.0 0.89 0 0
2010 2 25 5 0 1.0 1013.0 0.89 0 0
2010 2 25 6 -1 0.0 1014.0 2.68 0 0
2010 2 25 7 -3 -2.0 1014.0 4.47 0 0
2010 2 25 8 -1 0.0 1016.0 1.79 0 0
2010 2 25 9 1 2.0 1017.0 2.68 0 0
2010 2 25 10 0 5.0 1017.0 6.7 0 0
2010 2 25 11 0 7.0 1017.0 11.62 0 0
2010 2 25 12 -1 7.0 1017.0 16.54 0 0
2010 2 25 13 -2 8.0 1017.0 21.46 0 0
2010 2 25 14 -2 8.0 1016.0 26.38 0 0
2010 2 25 15 -1 6.0 1016.0 30.4 0 0
2010 2 25 16 -1 6.0 1016.0 35.32 0 0
2010 2 25 17 -1 6.0 1017.0 39.34 0 0
2010 2 25 18 -2 6.0 1017.0 42.47 0 0
2010 2 25 19 -2 5.0 1018.0 45.6 0 0
2010 2 25 20 -2 5.0 1018.0 47.39 0 0
2010 2 25 21 -6 4.0 1019.0 54.54 0 0
2010 2 25 22 -7 3.0 1019.0 59.46 0 0
2010 2 25 23 -6 2.0 1020.0 63.48 0 0
2010 2 26 0 -7 1.0 1020.0 66.61 0 0
2010 2 26 1 -7 0.0 1020.0 69.74 0 0
2010 2 26 2 -6 0.0 1021.0 71.53 0 0
2010 2 26 3 -6 0.0 1021.0 73.32 0 0
2010 2 26 4 -5 0.0 1020.0 75.11 0 0
2010 2 26 5 -5 0.0 1021.0 76.9 0 0
2010 2 26 6 -5 0.0 1021.0 78.69 0 0
2010 2 26 7 -5 0.0 1021.0 79.58 0 0
2010 2 26 8 -6 0.0 1022.0 81.37 0 0
2010 2 26 9 -6 1.0 1022.0 0.89 0 0
2010 2 26 10 -6 2.0 1022.0 1.79 0 0
2010 2 26 11 -6 3.0 1022.0 0.89 0 0
2010 2 26 12 -6 4.0 1021.0 1.78 0 0
2010 2 26 13 -6 5.0 1021.0 3.57 0 0
2010 2 26 14 -6 5.0 1020.0 4.02 0 0
2010 2 26 15 -6 5.0 1020.0 8.04 0 0
2010 2 26 16 -7 4.0 1020.0 12.06 0 0
2010 2 26 17 -7 3.0 1020.0 15.19 0 0
2010 2 26 18 -7 3.0 1020.0 16.08 0 0
2010 2 26 19 -7 3.0 1021.0 16.97 0 0
2010 2 26 20 -8 2.0 1021.0 17.86 0 0
2010 2 26 21 -10 2.0 1021.0 21.88 0 0
2010 2 26 22 -11 1.0 1022.0 25.9 0 0
2010 2 26 23 -12 0.0 1021.0 29.92 0 0
2010 2 27 0 -11 -1.0 1021.0 33.05 0 0
2010 2 27 1 -13 -1.0 1021.0 37.07 0 0
2010 2 27 2 -13 -1.0 1021.0 40.2 0 0
2010 2 27 3 -13 -1.0 1021.0 44.22 0 0
2010 2 27 4 -12 -1.0 1020.0 47.35 0 0
2010 2 27 5 -6 -3.0 1021.0 51.37 1 0
2010 2 27 6 -5 -4.0 1021.0 53.16 2 0
2010 2 27 7 -5 -4.0 1021.0 54.95 3 0
2010 2 27 8 -5 -4.0 1021.0 0.89 4 0
2010 2 27 9 -5 -3.0 1021.0 1.79 0 0
2010 2 27 10 -4 -2.0 1021.0 0.89 0 0
2010 2 27 11 -4 -2.0 1021.0 1.78 0 0
2010 2 27 12 -4 -1.0 1020.0 2.67 0 0
2010 2 27 13 -4 -1.0 1019.0 1.79 0 0
2010 2 27 14 -4 0.0 1018.0 3.58 0 0
2010 2 27 15 -5 0.0 1017.0 6.71 0 0
2010 2 27 16 -5 0.0 1017.0 9.84 0 0
2010 2 27 17 -5 0.0 1017.0 12.97 0 0
2010 2 27 18 -5 0.0 1017.0 14.76 0 0
2010 2 27 19 -5 0.0 1017.0 16.55 0 0
2010 2 27 20 -5 0.0 1018.0 0.89 0 0
2010 2 27 21 -5 0.0 1018.0 1.79 1 0
2010 2 27 22 -5 0.0 1019.0 0.45 0 0
2010 2 27 23 -5 -1.0 1020.0 0.89 0 0
2010 2 28 0 -4 -1.0 1020.0 0.89 0 0
2010 2 28 1 -4 -1.0 1019.0 0.45 0 0
2010 2 28 2 -4 -1.0 1019.0 1.34 0 0
2010 2 28 3 -4 -2.0 1019.0 0.89 0 0
2010 2 28 4 -6 -3.0 1019.0 0.89 0 0
2010 2 28 5 -5 -2.0 1020.0 1.79 0 0
2010 2 28 6 -4 -2.0 1020.0 5.81 0 0
2010 2 28 7 -5 -1.0 1020.0 9.83 0 0
2010 2 28 8 -4 -1.0 1021.0 13.85 0 0
2010 2 28 9 -7 2.0 1023.0 5.81 0 0
2010 2 28 10 -11 3.0 1023.0 12.96 0 0
2010 2 28 11 -15 3.0 1023.0 21.01 0 0
2010 2 28 12 -16 4.0 1024.0 26.82 0 0
2010 2 28 13 -18 4.0 1023.0 33.97 0 0
2010 2 28 14 -18 4.0 1023.0 42.02 0 0
2010 2 28 15 -14 3.0 1022.0 7.15 0 0
2010 2 28 16 -8 1.0 1023.0 16.09 0 0
2010 2 28 17 -6 0.0 1023.0 21.9 0 0
2010 2 28 18 -3 -2.0 1024.0 26.82 1 0
2010 2 28 19 -3 -2.0 1025.0 29.95 2 0
2010 2 28 20 -3 -2.0 1026.0 33.08 3 0
2010 2 28 21 -3 -2.0 1026.0 34.87 4 0
2010 2 28 22 -3 -2.0 1026.0 0.89 5 0
2010 2 28 23 -3 -3.0 1027.0 3.13 6 0
2010 3 1 0 -4 -3.0 1026.0 7.15 7 0
2010 3 1 1 -5 -4.0 1026.0 12.07 8 0
2010 3 1 2 -5 -4.0 1025.0 15.2 9 0
2010 3 1 3 -5 -4.0 1025.0 18.33 0 0
2010 3 1 4 -5 -5.0 1025.0 20.12 0 0
2010 3 1 5 -5 -4.0 1025.0 23.25 1 0
2010 3 1 6 -5 -4.0 1026.0 25.04 2 0
2010 3 1 7 -5 -4.0 1025.0 28.17 0 0
2010 3 1 8 -5 -4.0 1026.0 29.96 0 0
2010 3 1 9 -5 -3.0 1026.0 33.09 1 0
2010 3 1 10 -5 -2.0 1025.0 36.22 0 0
2010 3 1 11 -5 -1.0 1024.0 38.01 0 0
2010 3 1 12 -6 -2.0 1023.0 39.8 0 0
2010 3 1 13 -6 -1.0 1022.0 42.93 0 0
2010 3 1 14 -5 -1.0 1021.0 46.06 0 0
2010 3 1 15 -5 -1.0 1021.0 50.08 0 0
2010 3 1 16 -5 -1.0 1020.0 53.21 0 0
2010 3 1 17 -5 -1.0 1020.0 58.13 0 0
2010 3 1 18 -5 -2.0 1020.0 63.05 1 0
2010 3 1 19 -5 -2.0 1020.0 67.07 0 0
2010 3 1 20 -5 -2.0 1020.0 70.2 0 0
2010 3 1 21 -5 -2.0 1019.0 73.33 0 0
2010 3 1 22 -5 -2.0 1019.0 77.35 0 0
2010 3 1 23 -5 -2.0 1019.0 80.48 0 0
2010 3 2 0 -5 -2.0 1019.0 82.27 0 0
2010 3 2 1 -5 -2.0 1019.0 0.89 0 0
2010 3 2 2 -5 -2.0 1019.0 0.89 0 0
2010 3 2 3 -5 -3.0 1018.0 0.89 0 0
2010 3 2 4 -6 -5.0 1018.0 1.78 0 0
2010 3 2 5 -7 -6.0 1018.0 1.79 0 0
2010 3 2 6 -7 -6.0 1019.0 0.89 0 0
2010 3 2 7 -8 -6.0 1020.0 1.78 0 0
2010 3 2 8 -6 -5.0 1021.0 1.79 0 0
2010 3 2 9 -4 0.0 1022.0 4.92 0 0
2010 3 2 10 -7 2.0 1023.0 12.07 0 0
2010 3 2 11 -9 4.0 1022.0 20.12 0 0
2010 3 2 12 -9 6.0 1022.0 28.17 0 0
2010 3 2 13 -11 6.0 1022.0 36.22 0 0
2010 3 2 14 -12 7.0 1021.0 44.27 0 0
2010 3 2 15 -12 8.0 1021.0 52.32 0 0
2010 3 2 16 -13 8.0 1021.0 60.37 0 0
2010 3 2 17 -12 8.0 1021.0 65.29 0 0
2010 3 2 18 -13 7.0 1022.0 69.31 0 0
2010 3 2 19 -12 7.0 1023.0 72.44 0 0
2010 3 2 20 -12 5.0 1024.0 0.89 0 0
2010 3 2 21 -11 5.0 1024.0 1.79 0 0
2010 3 2 22 -6 3.0 1024.0 3.13 0 0
2010 3 2 23 -6 0.0 1025.0 0.89 0 0
2010 3 3 0 -6 3.0 1024.0 1.79 0 0
2010 3 3 1 -5 0.0 1025.0 0.89 0 0
2010 3 3 2 -5 -2.0 1025.0 0.89 0 0
2010 3 3 3 -7 -1.0 1025.0 4.02 0 0
2010 3 3 4 -8 -1.0 1024.0 8.94 0 0
2010 3 3 5 -8 -1.0 1024.0 12.96 0 0
2010 3 3 6 -8 -1.0 1024.0 16.98 0 0
2010 3 3 7 -9 -2.0 1025.0 0.89 0 0
2010 3 3 8 -7 -1.0 1025.0 0.89 0 0
2010 3 3 9 -8 0.0 1026.0 0.89 0 0
2010 3 3 10 -7 1.0 1026.0 3.13 0 0
2010 3 3 11 -7 2.0 1025.0 6.26 0 0
2010 3 3 12 -5 3.0 1025.0 9.39 0 0
2010 3 3 13 -5 4.0 1023.0 12.52 0 0
2010 3 3 14 -5 5.0 1022.0 15.65 0 0
2010 3 3 15 -6 5.0 1021.0 18.78 0 0
2010 3 3 16 -6 6.0 1021.0 20.57 0 0
2010 3 3 17 -6 5.0 1020.0 24.59 0 0
2010 3 3 18 -6 4.0 1019.0 0.89 0 0
2010 3 3 19 -5 3.0 1020.0 1.79 0 0
2010 3 3 20 -5 3.0 1020.0 3.58 0 0
2010 3 3 21 -5 2.0 1020.0 0.89 0 0
2010 3 3 22 -4 1.0 1020.0 1.78 0 0
2010 3 3 23 -6 2.0 1020.0 1.79 0 0
2010 3 4 0 -5 2.0 1019.0 4.92 0 0
2010 3 4 1 -5 1.0 1019.0 6.71 0 0
2010 3 4 2 -5 1.0 1018.0 9.84 0 0
2010 3 4 3 -5 1.0 1017.0 12.97 0 0
2010 3 4 4 -4 0.0 1016.0 0.89 0 0
2010 3 4 5 -3 0.0 1015.0 1.79 0 0
2010 3 4 6 -4 -1.0 1015.0 1.79 0 0
2010 3 4 7 -4 -1.0 1015.0 3.58 0 0
2010 3 4 8 -3 0.0 1016.0 4.47 0 0
2010 3 4 9 -4 1.0 1016.0 7.6 0 0
2010 3 4 10 -4 3.0 1016.0 9.39 0 0
2010 3 4 11 -4 3.0 1015.0 12.52 0 0
2010 3 4 12 -4 4.0 1015.0 14.31 0 0
2010 3 4 13 -4 6.0 1014.0 17.44 0 0
2010 3 4 14 -4 7.0 1013.0 19.23 0 0
2010 3 4 15 -4 7.0 1014.0 22.36 0 0
2010 3 4 16 -3 5.0 1013.0 3.13 0 1
2010 3 4 17 -2 3.0 1013.0 8.05 0 0
2010 3 4 18 -2 3.0 1013.0 0.89 0 0
2010 3 4 19 -2 3.0 1014.0 1.78 0 0
2010 3 4 20 -2 3.0 1015.0 1.79 0 0
2010 3 4 21 -2 3.0 1016.0 4.92 0 0
2010 3 4 22 -2 2.0 1017.0 8.05 0 0
2010 3 4 23 -2 2.0 1018.0 12.07 0 0
2010 3 5 0 -2 1.0 1019.0 16.99 0 0
2010 3 5 1 -10 3.0 1020.0 22.8 0 0
2010 3 5 2 -13 2.0 1021.0 26.82 0 0
2010 3 5 3 -17 1.0 1022.0 35.76 0 0
2010 3 5 4 -16 0.0 1022.0 45.59 0 0
2010 3 5 5 -16 -1.0 1024.0 53.64 0 0
2010 3 5 6 -16 -2.0 1026.0 62.58 0 0
2010 3 5 7 -18 -3.0 1027.0 71.52 0 0
2010 3 5 8 -19 -2.0 1028.0 81.35 0 0
2010 3 5 9 -23 -1.0 1027.0 95.21 0 0
2010 3 5 10 -25 0.0 1027.0 105.04 0 0
2010 3 5 11 -25 2.0 1029.0 110.85 0 0
2010 3 5 12 -24 2.0 1029.0 116.66 0 0
2010 3 5 13 -25 3.0 1028.0 123.81 0 0
2010 3 5 14 -25 3.0 1028.0 130.96 0 0
2010 3 5 15 -25 2.0 1028.0 4.92 0 0
2010 3 5 16 -24 3.0 1028.0 1.79 0 0
2010 3 5 17 -25 2.0 1029.0 3.13 0 0
2010 3 5 18 -24 1.0 1029.0 6.26 0 0
2010 3 5 19 -24 0.0 1030.0 9.39 0 0
2010 3 5 20 -25 0.0 1030.0 12.52 0 0
2010 3 5 21 -23 0.0 1031.0 17.44 0 0
2010 3 5 22 -22 -1.0 1032.0 23.25 0 0
2010 3 5 23 -22 -2.0 1033.0 29.06 0 0
2010 3 6 0 -22 -2.0 1033.0 34.87 0 0
2010 3 6 1 -21 -3.0 1034.0 40.68 0 0
2010 3 6 2 -21 -3.0 1034.0 44.7 0 0
2010 3 6 3 -22 -4.0 1035.0 49.62 0 0
2010 3 6 4 -22 -4.0 1034.0 55.43 0 0
2010 3 6 5 -23 -5.0 1034.0 61.24 0 0
2010 3 6 6 -23 -5.0 1035.0 66.16 0 0
2010 3 6 7 -23 -5.0 1035.0 71.97 0 0
2010 3 6 8 -22 -5.0 1035.0 76.89 0 0
2010 3 6 9 -22 -3.0 1036.0 80.91 0 0
2010 3 6 10 -23 -2.0 1036.0 82.7 0 0
2010 3 6 11 -22 -1.0 1035.0 1.79 0 0
2010 3 6 12 -22 0.0 1034.0 1.79 0 0
2010 3 6 13 -20 1.0 1033.0 3.13 0 0
2010 3 6 14 -18 1.0 1032.0 4.92 0 0
2010 3 6 15 -13 2.0 1031.0 4.02 0 0
2010 3 6 16 -13 2.0 1031.0 1.79 0 0
2010 3 6 17 -10 1.0 1031.0 3.13 0 0
2010 3 6 18 -9 -1.0 1032.0 6.26 0 0
2010 3 6 19 -9 -1.0 1032.0 9.39 0 0
2010 3 6 20 -9 -1.0 1033.0 11.18 0 0
2010 3 6 21 -9 -3.0 1034.0 12.07 0 0
2010 3 6 22 -9 -4.0 1034.0 13.86 0 0
2010 3 6 23 -9 -3.0 1035.0 18.78 0 0
2010 3 7 0 -9 -3.0 1035.0 21.91 0 0
2010 3 7 1 -9 -4.0 1035.0 25.04 0 0
2010 3 7 2 -9 -5.0 1035.0 28.17 0 0
2010 3 7 3 -10 -6.0 1035.0 31.3 0 0
2010 3 7 4 -9 -5.0 1035.0 34.43 0 0
2010 3 7 5 -10 -5.0 1035.0 37.56 0 0
2010 3 7 6 -10 -6.0 1035.0 39.35 0 0
2010 3 7 7 -11 -7.0 1036.0 0.45 0 0
2010 3 7 8 -9 -5.0 1037.0 0.9 1 0
2010 3 7 9 -10 -3.0 1037.0 1.79 0 0
2010 3 7 10 -10 -2.0 1035.0 4.92 0 0
2010 3 7 11 -10 -1.0 1036.0 8.05 0 0
2010 3 7 12 -11 0.0 1036.0 11.18 0 0
2010 3 7 13 -11 1.0 1035.0 1.79 0 0
2010 3 7 14 -10 0.0 1034.0 3.58 0 0
2010 3 7 15 -11 0.0 1034.0 3.13 0 0
2010 3 7 16 -11 0.0 1033.0 6.26 0 0
2010 3 7 17 -12 0.0 1034.0 8.05 0 0
2010 3 7 18 -12 -1.0 1034.0 0.89 0 0
2010 3 7 19 -11 -1.0 1035.0 1.79 0 0
2010 3 7 20 -10 -1.0 1036.0 0.89 0 0
2010 3 7 21 -10 -1.0 1036.0 1.78 0 0
2010 3 7 22 -10 -1.0 1036.0 2.67 0 0
2010 3 7 23 -11 -3.0 1037.0 3.56 0 0
2010 3 8 0 -5 -4.0 1038.0 1.79 0 0
2010 3 8 1 -5 -4.0 1038.0 3.58 0 0
2010 3 8 2 -5 -4.0 1038.0 5.37 1 0
2010 3 8 3 -5 -4.0 1038.0 7.16 2 0
2010 3 8 4 -5 -4.0 1038.0 10.29 3 0
2010 3 8 5 -5 -4.0 1038.0 12.08 4 0
2010 3 8 6 -5 -4.0 1038.0 13.87 5 0
2010 3 8 7 -5 -4.0 1038.0 15.66 6 0
2010 3 8 8 -6 -5.0 1040.0 18.79 7 0
2010 3 8 9 -7 -5.0 1040.0 22.81 8 0
2010 3 8 10 -6 -4.0 1041.0 24.6 9 0
2010 3 8 11 -6 -3.0 1041.0 26.39 10 0
2010 3 8 12 -6 -2.0 1041.0 28.18 11 0
2010 3 8 13 -6 -2.0 1040.0 0.45 0 0
2010 3 8 14 -8 -2.0 1039.0 1.34 0 0
2010 3 8 15 -7 -2.0 1039.0 2.23 0 0
2010 3 8 16 -7 -2.0 1039.0 1.79 0 0
2010 3 8 17 -7 -2.0 1039.0 4.92 0 0
2010 3 8 18 -8 -3.0 1039.0 8.05 0 0
2010 3 8 19 -8 -2.0 1040.0 12.97 0 0
2010 3 8 20 -8 -3.0 1041.0 17.89 0 0
2010 3 8 21 -10 -3.0 1041.0 25.04 0 0
2010 3 8 22 -12 -4.0 1042.0 33.09 0 0
2010 3 8 23 -13 -4.0 1042.0 40.24 0 0
2010 3 9 0 -15 -5.0 1042.0 46.05 0 0
2010 3 9 1 -16 -5.0 1042.0 53.2 0 0
2010 3 9 2 -17 -6.0 1042.0 60.35 0 0
2010 3 9 3 -18 -6.0 1041.0 67.5 0 0
2010 3 9 4 -19 -7.0 1040.0 73.31 0 0
2010 3 9 5 -19 -7.0 1040.0 80.46 0 0
2010 3 9 6 -20 -8.0 1039.0 84.48 0 0
2010 3 9 7 -18 -8.0 1039.0 88.5 0 0
2010 3 9 8 -18 -6.0 1039.0 92.52 0 0
2010 3 9 9 -19 -5.0 1039.0 98.33 0 0
2010 3 9 10 -18 -4.0 1038.0 105.48 0 0
2010 3 9 11 -17 -3.0 1037.0 112.63 0 0
2010 3 9 12 -15 -2.0 1035.0 119.78 0 0
2010 3 9 13 -16 -1.0 1034.0 127.83 0 0
2010 3 9 14 -19 0.0 1032.0 136.77 0 0
2010 3 9 15 -20 1.0 1031.0 145.71 0 0
2010 3 9 16 -23 1.0 1031.0 154.65 0 0
2010 3 9 17 -22 1.0 1030.0 164.48 0 0
2010 3 9 18 -20 0.0 1030.0 170.29 0 0
2010 3 9 19 -18 0.0 1030.0 175.21 0 0
2010 3 9 20 -17 -2.0 1030.0 179.23 0 0
2010 3 9 21 -18 -2.0 1030.0 0.89 0 0
2010 3 9 22 -13 -5.0 1029.0 1.78 0 0
2010 3 9 23 -16 -2.0 1029.0 1.79 0 0
2010 3 10 0 -11 -5.0 1028.0 2.68 0 0
2010 3 10 1 -13 -6.0 1027.0 1.79 0 0
2010 3 10 2 -12 -6.0 1027.0 2.68 0 0
2010 3 10 3 -13 -7.0 1026.0 3.57 0 0
2010 3 10 4 -14 -8.0 1026.0 5.36 0 0
2010 3 10 5 -14 -7.0 1025.0 7.15 0 0
2010 3 10 6 -14 -9.0 1025.0 10.28 0 0
2010 3 10 7 -13 -8.0 1025.0 0.89 0 0
2010 3 10 8 -11 -4.0 1025.0 1.78 0 0
2010 3 10 9 -13 -1.0 1025.0 2.67 0 0
2010 3 10 10 -15 2.0 1024.0 3.13 0 0
2010 3 10 11 -16 5.0 1023.0 6.26 0 0
2010 3 10 12 -16 7.0 1021.0 3.13 0 0
2010 3 10 13 -18 8.0 1020.0 3.13 0 0
2010 3 10 14 -19 9.0 1018.0 7.15 0 0
2010 3 10 15 -19 9.0 1017.0 10.28 0 0
2010 3 10 16 -15 8.0 1016.0 14.3 0 0
2010 3 10 17 -15 8.0 1016.0 17.43 0 0
2010 3 10 18 -14 6.0 1016.0 21.45 0 0
2010 3 10 19 -12 5.0 1016.0 24.58 0 0
2010 3 10 20 -11 3.0 1017.0 27.71 0 0
2010 3 10 21 -10 2.0 1017.0 29.5 0 0
2010 3 10 22 -11 4.0 1017.0 32.63 0 0
2010 3 10 23 -10 3.0 1016.0 35.76 0 0
2010 3 11 0 -8 -1.0 1015.0 0.89 0 0
2010 3 11 1 -8 -1.0 1014.0 0.89 0 0
2010 3 11 2 -8 -4.0 1014.0 0.45 0 0
2010 3 11 3 -8 -4.0 1014.0 1.79 0 0
2010 3 11 4 -7 -3.0 1012.0 0.89 0 0
2010 3 11 5 -8 -4.0 1013.0 1.79 0 0
2010 3 11 6 -7 -4.0 1013.0 0.89 0 0
2010 3 11 7 -7 -4.0 1012.0 1.78 0 0
2010 3 11 8 -6 -1.0 1013.0 2.67 0 0
2010 3 11 9 -9 1.0 1013.0 0.89 0 0
2010 3 11 10 -10 3.0 1012.0 0.89 0 0
2010 3 11 11 -10 5.0 1011.0 3.13 0 0
2010 3 11 12 -10 6.0 1010.0 6.26 0 0
2010 3 11 13 -10 7.0 1009.0 9.39 0 0
2010 3 11 14 -9 8.0 1007.0 12.52 0 0
2010 3 11 15 -9 8.0 1005.0 16.54 0 0
2010 3 11 16 -8 9.0 1005.0 1.79 0 0
2010 3 11 17 -9 8.0 1005.0 2.68 0 0
2010 3 11 18 -6 6.0 1004.0 1.79 0 0
2010 3 11 19 -6 5.0 1005.0 4.02 0 0
2010 3 11 20 -6 4.0 1005.0 5.81 0 0
2010 3 11 21 -6 3.0 1005.0 7.6 0 0
2010 3 11 22 -6 4.0 1005.0 10.73 0 0
2010 3 11 23 -6 2.0 1005.0 11.62 0 0
2010 3 12 0 -6 5.0 1006.0 16.54 0 0
2010 3 12 1 -9 10.0 1007.0 31.74 0 0
2010 3 12 2 -10 8.0 1009.0 39.79 0 0
2010 3 12 3 -10 6.0 1011.0 47.84 0 0
2010 3 12 4 -13 5.0 1012.0 57.67 0 0
2010 3 12 5 -13 4.0 1013.0 64.82 0 0
2010 3 12 6 -13 3.0 1015.0 73.76 0 0
2010 3 12 7 -14 3.0 1016.0 82.7 0 0
2010 3 12 8 -15 4.0 1018.0 88.51 0 0
2010 3 12 9 -16 5.0 1019.0 3.13 0 0
2010 3 12 10 -18 6.0 1020.0 8.05 0 0
2010 3 12 11 -20 7.0 1020.0 12.97 0 0
2010 3 12 12 -20 8.0 1020.0 20.12 0 0
2010 3 12 13 -18 9.0 1019.0 25.93 0 0
2010 3 12 14 -19 9.0 1019.0 30.85 0 0
2010 3 12 15 -18 9.0 1019.0 3.13 0 0
2010 3 12 16 -19 8.0 1019.0 3.13 0 0
2010 3 12 17 -18 8.0 1020.0 3.13 0 0
2010 3 12 18 -19 7.0 1020.0 1.79 0 0
2010 3 12 19 -17 4.0 1021.0 2.68 0 0
2010 3 12 20 -13 2.0 1023.0 0.89 0 0
2010 3 12 21 -8 0.0 1023.0 0.89 0 0
2010 3 12 22 -12 2.0 1024.0 4.02 0 0
2010 3 12 23 -5 1.0 1025.0 8.04 0 0
2010 3 13 0 -5 0.0 1026.0 12.06 0 0
2010 3 13 1 -6 0.0 1027.0 16.08 0 0
2010 3 13 2 -7 -1.0 1026.0 19.21 0 0
2010 3 13 3 -7 -1.0 1028.0 0.89 0 0
2010 3 13 4 -7 0.0 1028.0 3.13 0 0
2010 3 13 5 -8 0.0 1028.0 6.26 0 0
2010 3 13 6 -10 0.0 1028.0 8.05 0 0
2010 3 13 7 -10 -1.0 1028.0 0.89 0 0
2010 3 13 8 -12 0.0 1029.0 1.79 0 0
2010 3 13 9 -13 1.0 1029.0 5.81 0 0
2010 3 13 10 -13 2.0 1029.0 9.83 0 0
2010 3 13 11 -12 4.0 1029.0 12.96 0 0
2010 3 13 12 -12 5.0 1028.0 16.98 0 0
2010 3 13 13 -11 7.0 1027.0 21.0 0 0
2010 3 13 14 -10 7.0 1025.0 25.02 0 0
2010 3 13 15 -10 7.0 1024.0 29.04 0 0
2010 3 13 16 -9 8.0 1024.0 33.96 0 0
2010 3 13 17 -10 7.0 1023.0 37.98 0 0
2010 3 13 18 -11 6.0 1024.0 42.0 0 0
2010 3 13 19 -10 5.0 1024.0 47.81 0 0
2010 3 13 20 -10 4.0 1024.0 51.83 0 0
2010 3 13 21 -10 3.0 1025.0 56.75 0 0
2010 3 13 22 -11 3.0 1025.0 60.77 0 0
2010 3 13 23 -10 3.0 1025.0 0.89 0 0
2010 3 14 0 -11 2.0 1025.0 3.13 0 0
2010 3 14 1 -10 2.0 1025.0 4.92 0 0
2010 3 14 2 -9 2.0 1024.0 6.71 0 0
2010 3 14 3 -8 2.0 1023.0 0.89 0 0
2010 3 14 4 -9 2.0 1023.0 0.89 0 1
2010 3 14 5 -8 1.0 1023.0 0.45 0 2
2010 3 14 6 -6 1.0 1023.0 3.13 0 3
2010 3 14 7 -3 -1.0 1022.0 6.26 1 0
2010 3 14 8 -2 -1.0 1022.0 9.39 2 0
2010 3 14 9 -2 -1.0 1022.0 11.18 3 0
2010 3 14 10 -2 -1.0 1021.0 14.31 4 0
2010 3 14 11 -1 -1.0 1021.0 16.1 6 0
2010 3 14 12 -1 0.0 1021.0 20.12 8 0
2010 3 14 13 -1 0.0 1020.0 23.25 9 0
2010 3 14 14 -1 0.0 1019.0 26.38 10 0
2010 3 14 15 -1 0.0 1019.0 28.17 11 0
2010 3 14 16 -1 0.0 1019.0 29.96 13 0
2010 3 14 17 -1 0.0 1018.0 0.45 14 0
2010 3 14 18 -1 0.0 1018.0 0.89 0 0
2010 3 14 19 -2 -1.0 1018.0 1.79 0 0
2010 3 14 20 -1 0.0 1019.0 4.92 0 0
2010 3 14 21 -1 0.0 1019.0 8.94 0 0
2010 3 14 22 -1 1.0 1019.0 12.07 0 0
2010 3 14 23 -2 -1.0 1019.0 13.86 0 0
2010 3 15 0 -1 0.0 1019.0 17.88 0 0
2010 3 15 1 -1 0.0 1020.0 21.01 0 0
2010 3 15 2 -2 2.0 1020.0 26.82 0 0
2010 3 15 3 -3 1.0 1020.0 1.79 0 0
2010 3 15 4 -8 2.0 1020.0 4.02 0 0
2010 3 15 5 -10 2.0 1020.0 11.17 0 0
2010 3 15 6 -13 1.0 1021.0 16.98 0 0
2010 3 15 7 -12 0.0 1022.0 22.79 0 0
2010 3 15 8 -13 1.0 1023.0 26.81 0 0
2010 3 15 9 -13 1.0 1024.0 33.96 0 0
2010 3 15 10 -11 1.0 1025.0 41.11 0 0
2010 3 15 11 -12 2.0 1025.0 50.05 0 0
2010 3 15 12 -12 2.0 1025.0 62.12 0 0
2010 3 15 13 -11 2.0 1024.0 73.3 0 0
2010 3 15 14 -10 3.0 1024.0 83.13 0 0
2010 3 15 15 -11 3.0 1024.0 94.31 0 0
2010 3 15 16 -11 4.0 1024.0 106.38 0 0
2010 3 15 17 -11 4.0 1024.0 116.21 0 0
2010 3 15 18 -11 3.0 1024.0 124.26 0 0
2010 3 15 19 -12 3.0 1025.0 129.18 0 0
2010 3 15 20 -11 1.0 1026.0 132.31 0 0
2010 3 15 21 -13 2.0 1026.0 134.1 0 0
2010 3 15 22 -11 -1.0 1026.0 135.89 0 0
2010 3 15 23 -11 -1.0 1026.0 0.89 0 0
2010 3 16 0 -10 -3.0 1026.0 0.89 0 0
2010 3 16 1 -9 -3.0 1025.0 0.89 0 0
2010 3 16 2 -9 -4.0 1025.0 1.78 0 0
2010 3 16 3 -9 -4.0 1024.0 2.67 0 0
2010 3 16 4 -9 -6.0 1023.0 0.89 0 0
2010 3 16 5 -10 -7.0 1023.0 0.89 0 0
2010 3 16 6 -10 -7.0 1023.0 1.78 0 0
2010 3 16 7 -10 -7.0 1024.0 0.89 0 0
2010 3 16 8 -9 -3.0 1024.0 1.79 0 0
2010 3 16 9 -9 -1.0 1025.0 3.58 0 0
2010 3 16 10 -12 1.0 1024.0 6.71 0 0
2010 3 16 11 -15 2.0 1024.0 8.5 0 0
2010 3 16 12 -13 4.0 1023.0 1.79 0 0
2010 3 16 13 -13 5.0 1022.0 3.58 0 0
2010 3 16 14 -14 6.0 1022.0 5.37 0 0
2010 3 16 15 -13 6.0 1021.0 1.79 0 0
2010 3 16 16 -14 7.0 1021.0 3.58 0 0
2010 3 16 17 -12 7.0 1021.0 6.71 0 0
2010 3 16 18 -11 4.0 1021.0 8.5 0 0
2010 3 16 19 -10 3.0 1022.0 11.63 0 0
2010 3 16 20 -7 2.0 1023.0 14.76 0 0
2010 3 16 21 -9 2.0 1023.0 1.79 0 0
2010 3 16 22 -11 4.0 1024.0 3.13 0 0
2010 3 16 23 -11 4.0 1024.0 3.13 0 0
2010 3 17 0 -9 3.0 1025.0 3.13 0 0
2010 3 17 1 -7 2.0 1026.0 1.79 0 0
2010 3 17 2 -7 1.0 1026.0 1.79 0 0
2010 3 17 3 -11 2.0 1025.0 6.71 0 0
2010 3 17 4 -11 2.0 1026.0 9.84 0 0
2010 3 17 5 -12 2.0 1026.0 13.86 0 0
2010 3 17 6 -13 1.0 1027.0 19.67 0 0
2010 3 17 7 -15 1.0 1027.0 26.82 0 0
2010 3 17 8 -15 1.0 1028.0 33.97 0 0
2010 3 17 9 -16 2.0 1029.0 39.78 0 0
2010 3 17 10 -15 3.0 1029.0 44.7 0 0
2010 3 17 11 -15 5.0 1028.0 49.62 0 0
2010 3 17 12 -14 5.0 1027.0 54.54 0 0
2010 3 17 13 -17 6.0 1027.0 58.56 0 0
2010 3 17 14 -17 6.0 1026.0 3.13 0 0
2010 3 17 15 -17 7.0 1025.0 3.13 0 0
2010 3 17 16 -18 7.0 1025.0 1.79 0 0
2010 3 17 17 -17 7.0 1025.0 2.68 0 0
2010 3 17 18 -14 5.0 1025.0 0.89 0 0
2010 3 17 19 -12 3.0 1025.0 0.89 0 0
2010 3 17 20 -12 2.0 1026.0 0.89 0 0
2010 3 17 21 -11 1.0 1026.0 0.45 0 0
2010 3 17 22 -7 -1.0 1026.0 0.89 0 0
2010 3 17 23 -6 -1.0 1027.0 4.92 0 0
2010 3 18 0 -5 -1.0 1027.0 9.84 0 0
2010 3 18 1 -5 -2.0 1027.0 13.86 0 0
2010 3 18 2 -5 -2.0 1026.0 17.88 0 0
2010 3 18 3 -5 -2.0 1026.0 19.67 0 0
2010 3 18 4 -5 -2.0 1025.0 0.89 0 0
2010 3 18 5 -4 -2.0 1025.0 1.78 0 0
2010 3 18 6 -4 -1.0 1025.0 2.67 0 0
2010 3 18 7 -4 -1.0 1024.0 3.56 0 0
2010 3 18 8 -4 -1.0 1024.0 1.79 0 0
2010 3 18 9 -4 -1.0 1024.0 3.58 0 0
2010 3 18 10 -3 0.0 1023.0 5.37 1 0
2010 3 18 11 -3 1.0 1022.0 0.89 0 0
2010 3 18 12 -3 2.0 1021.0 1.79 0 0
2010 3 18 13 -3 3.0 1020.0 3.58 0 0
2010 3 18 14 -2 4.0 1018.0 0.89 0 0
2010 3 18 15 -2 3.0 1016.0 3.13 0 0
2010 3 18 16 -2 2.0 1015.0 3.13 0 0
2010 3 18 17 -3 2.0 1015.0 4.02 0 0
2010 3 18 18 -2 2.0 1014.0 5.81 0 0
2010 3 18 19 -2 2.0 1014.0 7.6 0 0
2010 3 18 20 -3 2.0 1014.0 0.89 0 0
2010 3 18 21 -2 2.0 1013.0 0.89 0 0
2010 3 18 22 -2 2.0 1012.0 1.78 0 0
2010 3 18 23 -2 2.0 1011.0 0.89 0 0
2010 3 19 0 -1 2.0 1011.0 1.78 0 0
2010 3 19 1 -1 3.0 1009.0 2.67 0 0
2010 3 19 2 0 3.0 1008.0 3.56 0 0
2010 3 19 3 2 3.0 1007.0 1.79 0 1
2010 3 19 4 2 3.0 1006.0 0.89 0 2
2010 3 19 5 2 3.0 1005.0 0.89 0 3
2010 3 19 6 2 3.0 1005.0 1.78 0 0
2010 3 19 7 2 2.0 1004.0 3.57 0 0
2010 3 19 8 2 3.0 1004.0 5.36 0 0
2010 3 19 9 2 3.0 1004.0 8.49 0 0
2010 3 19 10 2 3.0 1003.0 10.28 0 0
2010 3 19 11 3 4.0 1002.0 0.89 0 0
2010 3 19 12 3 5.0 1002.0 1.79 0 0
2010 3 19 13 3 5.0 1001.0 0.89 0 0
2010 3 19 14 2 7.0 1001.0 1.78 0 0
2010 3 19 15 2 7.0 1000.0 1.79 0 0
2010 3 19 16 2 7.0 1001.0 0.89 0 0
2010 3 19 17 2 7.0 1001.0 1.78 0 0
2010 3 19 18 2 7.0 1001.0 2.67 0 0
2010 3 19 19 2 6.0 1001.0 1.79 0 0
2010 3 19 20 2 6.0 1002.0 5.81 0 0
2010 3 19 21 2 5.0 1002.0 8.94 0 0
2010 3 19 22 2 4.0 1002.0 0.89 0 0
2010 3 19 23 2 4.0 1002.0 1.79 0 0
2010 3 20 0 3 4.0 1002.0 0.89 0 0
2010 3 20 1 3 5.0 1003.0 1.79 0 0
2010 3 20 2 3 4.0 1001.0 1.79 0 0
2010 3 20 3 3 4.0 1001.0 1.79 0 0
2010 3 20 4 2 6.0 1000.0 4.92 0 0
2010 3 20 7 -2 7.0 1002.0 23.25 0 0
2010 3 20 8 -5 7.0 1003.0 35.32 0 0
2010 3 20 9 -5 7.0 1004.0 46.5 0 0
2010 3 20 10 -5 7.0 1006.0 58.57 0 0
2010 3 20 11 -7 8.0 1008.0 69.75 0 0
2010 3 20 12 -10 8.0 1010.0 84.95 0 0
2010 3 20 13 -14 7.0 1012.0 98.81 0 0
2010 3 20 14 -19 10.0 1012.0 114.01 0 0
2010 3 20 15 -18 10.0 1012.0 129.21 0 0
2010 3 20 16 -17 10.0 1013.0 140.39 0 0
2010 3 20 17 -15 9.0 1014.0 149.33 0 0
2010 3 20 18 -13 8.0 1015.0 158.27 0 0
2010 3 20 19 -12 7.0 1016.0 163.19 0 0
2010 3 20 20 -12 7.0 1016.0 166.32 0 0
2010 3 20 21 -10 7.0 1017.0 171.24 0 0
2010 3 20 22 -7 6.0 1017.0 177.05 0 0
2010 3 20 23 -5 5.0 1017.0 181.97 0 0
2010 3 21 0 -6 3.0 1017.0 185.1 0 0
2010 3 21 1 -5 3.0 1017.0 0.89 0 0
2010 3 21 2 -5 2.0 1018.0 1.78 0 0
2010 3 21 3 -6 2.0 1017.0 1.79 0 0
2010 3 21 4 -6 0.0 1016.0 3.58 0 0
2010 3 21 5 -5 1.0 1016.0 5.37 0 0
2010 3 21 6 -5 1.0 1017.0 0.89 0 0
2010 3 21 7 -5 0.0 1017.0 1.78 0 0
2010 3 21 8 -5 4.0 1017.0 1.79 0 0
2010 3 21 9 -8 7.0 1017.0 4.92 0 0
2010 3 21 10 -10 10.0 1016.0 8.94 0 0
2010 3 21 11 -12 11.0 1016.0 12.96 0 0
2010 3 21 12 -14 12.0 1013.0 18.77 0 0
2010 3 21 13 -14 13.0 1012.0 3.13 0 0
2010 3 21 14 -14 14.0 1011.0 4.92 0 0
2010 3 21 15 -13 14.0 1010.0 10.73 0 0
2010 3 21 16 -12 14.0 1010.0 13.86 0 0
2010 3 21 17 -12 14.0 1009.0 17.88 0 0
2010 3 21 18 -11 13.0 1009.0 21.9 0 0
2010 3 21 19 -5 10.0 1010.0 25.92 0 0
2010 3 21 20 -5 9.0 1010.0 30.84 0 0
2010 3 21 21 -5 8.0 1011.0 34.86 0 0
2010 3 21 22 -5 7.0 1012.0 37.99 0 0
2010 3 21 23 -5 7.0 1012.0 3.13 0 0
2010 3 22 0 -5 6.0 1012.0 1.79 0 0
2010 3 22 1 -3 5.0 1011.0 3.13 0 0
2010 3 22 2 -3 6.0 1011.0 0.89 0 0
2010 3 22 3 -3 5.0 1011.0 0.89 0 0
2010 3 22 4 -4 5.0 1010.0 1.78 0 0
2010 3 22 5 -4 4.0 1010.0 0.89 0 0
2010 3 22 6 -3 3.0 1010.0 1.79 0 0
2010 3 22 7 -2 4.0 1011.0 2.68 0 0
2010 3 22 8 -2 5.0 1012.0 0.89 0 0
2010 3 22 9 -2 6.0 1012.0 3.13 0 0
2010 3 22 10 -8 11.0 1013.0 11.18 0 0
2010 3 22 11 -10 12.0 1013.0 18.33 0 0
2010 3 22 12 -11 12.0 1013.0 28.16 0 0
2010 3 22 13 -12 13.0 1014.0 37.99 0 0
2010 3 22 14 -10 13.0 1014.0 47.82 0 0
2010 3 22 15 -14 14.0 1014.0 57.65 0 0
2010 3 22 16 -13 14.0 1015.0 67.48 0 0
2010 3 22 17 -14 13.0 1015.0 77.31 0 0
2010 3 22 18 -12 12.0 1016.0 84.46 0 0
2010 3 22 19 -12 11.0 1018.0 92.51 0 0
2010 3 22 20 -12 9.0 1019.0 97.43 0 0
2010 3 22 21 -12 9.0 1020.0 103.24 0 0
2010 3 22 22 -11 8.0 1021.0 110.39 0 0
2010 3 23 0 -10 7.0 1022.0 4.02 0 0
2010 3 23 1 -9 5.0 1022.0 1.79 0 0
2010 3 23 2 -10 6.0 1022.0 7.6 0 0
2010 3 23 3 -9 1.0 1021.0 4.02 0 0
2010 3 23 4 -8 2.0 1022.0 0.89 0 0
2010 3 23 5 -6 0.0 1022.0 0.89 0 0
2010 3 23 6 -8 0.0 1022.0 0.89 0 0
2010 3 23 7 -7 1.0 1023.0 0.89 0 0
2010 3 23 8 -6 4.0 1023.0 0.89 0 0
2010 3 23 9 -6 6.0 1024.0 3.13 0 0
2010 3 23 10 -7 10.0 1024.0 8.94 0 0
2010 3 23 11 -7 11.0 1023.0 14.75 0 0
2010 3 23 12 -8 12.0 1022.0 21.9 0 0
2010 3 23 13 -8 13.0 1021.0 29.05 0 0
2010 3 23 14 -8 13.0 1019.0 34.86 0 0
2010 3 23 15 -8 13.0 1018.0 40.67 0 0
2010 3 23 16 -8 13.0 1018.0 46.48 0 0
2010 3 23 17 -9 12.0 1018.0 52.29 0 0
2010 3 23 18 -8 11.0 1018.0 59.44 0 0
2010 3 23 19 -8 11.0 1019.0 64.36 0 0
2010 3 23 20 -7 9.0 1020.0 67.49 0 0
2010 3 23 21 -8 10.0 1020.0 71.51 0 0
2010 3 23 22 -6 7.0 1020.0 75.53 0 0
2010 3 23 23 -7 6.0 1020.0 79.55 0 0
2010 3 24 0 -6 6.0 1020.0 83.57 0 0
2010 3 24 1 -6 6.0 1020.0 86.7 0 0
2010 3 24 2 -5 5.0 1019.0 89.83 0 0
2010 3 24 3 -6 4.0 1020.0 3.13 0 0
2010 3 24 4 -6 5.0 1020.0 1.79 0 0
2010 3 24 5 -6 4.0 1020.0 1.79 0 0
2010 3 24 6 -5 4.0 1021.0 1.79 0 0
2010 3 24 7 -4 4.0 1022.0 4.92 0 0
2010 3 24 8 -6 7.0 1022.0 10.73 0 0
2010 3 24 9 -8 9.0 1022.0 16.54 0 0
2010 3 24 10 -11 10.0 1023.0 7.15 0 0
2010 3 24 11 -14 11.0 1023.0 14.3 0 0
2010 3 24 12 -15 11.0 1022.0 19.22 0 0
2010 3 24 13 -16 11.0 1022.0 24.14 0 0
2010 3 24 14 -15 11.0 1021.0 4.02 0 0
2010 3 24 15 -9 10.0 1022.0 8.04 0 0
2010 3 24 16 -8 10.0 1021.0 12.96 0 0
2010 3 24 17 -5 9.0 1022.0 18.77 0 0
2010 3 24 18 -4 7.0 1023.0 23.69 0 0
2010 3 24 19 -3 6.0 1024.0 27.71 0 0
2010 3 24 20 -1 6.0 1026.0 4.92 0 1
2010 3 24 21 1 3.0 1027.0 3.13 0 2
2010 3 24 22 1 2.0 1027.0 4.02 0 3
2010 3 24 23 0 1.0 1027.0 7.15 0 0
2010 3 25 0 0 2.0 1027.0 10.28 0 0
2010 3 25 1 0 1.0 1028.0 14.3 0 0
2010 3 25 2 -1 1.0 1028.0 16.09 0 0
2010 3 25 3 -2 1.0 1028.0 17.88 0 0
2010 3 25 4 -2 1.0 1027.0 19.67 0 0
2010 3 25 5 -2 1.0 1028.0 1.79 0 0
2010 3 25 6 -2 1.0 1029.0 5.81 0 0
2010 3 25 7 -13 1.0 1029.0 12.96 0 0
2010 3 25 8 -16 3.0 1030.0 21.01 0 0
2010 3 25 9 -15 4.0 1030.0 28.16 0 0
2010 3 25 10 -17 5.0 1030.0 37.99 0 0
2010 3 25 11 -20 6.0 1029.0 46.93 0 0
2010 3 25 12 -20 7.0 1028.0 51.85 0 0
2010 3 25 13 -20 6.0 1027.0 1.79 0 0
2010 3 25 14 -19 8.0 1025.0 4.02 0 0
2010 3 25 15 -19 8.0 1023.0 9.83 0 0
2010 3 25 16 -18 9.0 1022.0 13.85 0 0
2010 3 25 17 -16 8.0 1022.0 3.13 0 0
2010 3 25 18 -14 7.0 1021.0 4.92 0 0
2010 3 25 19 -12 6.0 1022.0 0.89 0 0
2010 3 25 20 -10 5.0 1023.0 1.79 0 0
2010 3 25 21 -10 6.0 1023.0 0.89 0 0
2010 3 25 22 -10 5.0 1023.0 1.78 0 0
2010 3 25 23 -6 3.0 1023.0 2.67 0 0
2010 3 26 0 -7 2.0 1023.0 0.89 0 0
2010 3 26 1 -6 1.0 1023.0 0.89 0 0
2010 3 26 2 -9 1.0 1023.0 3.13 0 0
2010 3 26 3 -11 -1.0 1022.0 0.45 0 0
2010 3 26 4 -7 -1.0 1022.0 0.9 0 0
2010 3 26 5 -9 -1.0 1022.0 0.89 0 0
2010 3 26 6 -8 -2.0 1021.0 0.89 0 0
2010 3 26 7 -6 -1.0 1021.0 0.89 0 0
2010 3 26 8 -7 3.0 1021.0 0.89 0 0
2010 3 26 9 -14 6.0 1021.0 1.78 0 0
2010 3 26 10 -17 8.0 1021.0 3.13 0 0
2010 3 26 11 -18 10.0 1020.0 7.15 0 0
2010 3 26 12 -17 11.0 1019.0 12.96 0 0
2010 3 26 13 -15 12.0 1018.0 17.88 0 0
2010 3 26 14 -14 14.0 1016.0 22.8 0 0
2010 3 26 15 -14 15.0 1015.0 26.82 0 0
2010 3 26 16 -12 15.0 1014.0 31.74 0 0
2010 3 26 17 -13 15.0 1014.0 36.66 0 0
2010 3 26 18 -11 13.0 1014.0 39.79 0 0
2010 3 26 19 -8 11.0 1015.0 0.89 0 0
2010 3 26 20 -8 8.0 1016.0 1.79 0 0
2010 3 26 21 -8 7.0 1018.0 3.13 0 0
2010 3 26 22 -9 6.0 1019.0 4.02 0 0
2010 3 26 23 -10 4.0 1019.0 7.15 0 0
2010 3 27 0 -8 3.0 1020.0 10.28 0 0
2010 3 27 1 -10 7.0 1020.0 4.02 0 0
2010 3 27 2 -11 8.0 1021.0 8.94 0 0
2010 3 27 3 -11 7.0 1023.0 10.73 0 0
2010 3 27 4 -4 4.0 1024.0 4.92 0 0
2010 3 27 5 -4 2.0 1025.0 8.94 0 0
2010 3 27 6 -7 1.0 1025.0 12.07 0 0
2010 3 27 7 -8 2.0 1026.0 13.86 0 0
2010 3 27 8 -9 3.0 1027.0 16.99 0 0
2010 3 27 9 -10 4.0 1028.0 21.01 0 0
2010 3 27 10 -9 6.0 1028.0 24.14 0 0
2010 3 27 11 -10 8.0 1028.0 28.16 0 0
2010 3 27 12 -10 8.0 1027.0 31.29 0 0
2010 3 27 13 -10 9.0 1027.0 35.31 0 0
2010 3 27 14 -10 9.0 1026.0 39.33 0 0
2010 3 27 15 -9 11.0 1025.0 3.13 0 0
2010 3 27 16 -10 10.0 1024.0 3.13 0 0
2010 3 27 17 -9 10.0 1024.0 6.26 0 0
2010 3 27 18 -8 8.0 1025.0 9.39 0 0
2010 3 27 19 -7 7.0 1025.0 12.52 0 0
2010 3 27 20 -7 5.0 1026.0 17.44 0 0
2010 3 27 21 -8 4.0 1027.0 20.57 0 0
2010 3 27 22 -8 3.0 1027.0 24.59 0 0
2010 3 27 23 -8 2.0 1028.0 28.61 0 0
2010 3 28 0 -8 2.0 1028.0 30.4 0 0
2010 3 28 1 -7 1.0 1028.0 32.19 0 0
2010 3 28 2 -7 0.0 1028.0 33.98 0 0
2010 3 28 3 -7 -1.0 1028.0 0.89 0 0
2010 3 28 4 -7 -2.0 1028.0 0.89 0 0
2010 3 28 5 -6 -2.0 1028.0 0.89 0 0
2010 3 28 6 -6 -3.0 1028.0 0.89 0 0
2010 3 28 7 -5 -1.0 1029.0 0.45 0 0
2010 3 28 8 -6 2.0 1029.0 1.79 0 0
2010 3 28 9 -6 4.0 1030.0 1.79 0 0
2010 3 28 10 -6 5.0 1030.0 3.58 0 0
2010 3 28 11 -7 6.0 1029.0 5.37 0 0
2010 3 28 12 -7 10.0 1027.0 1.79 0 0
2010 3 28 13 -6 13.0 1026.0 4.92 0 0
2010 3 28 14 -6 15.0 1025.0 4.02 0 0
2010 3 28 15 -6 16.0 1024.0 8.94 0 0
2010 3 28 16 -9 16.0 1023.0 13.86 0 0
2010 3 28 17 -11 16.0 1023.0 18.78 0 0
2010 3 28 18 -9 14.0 1023.0 22.8 0 0
2010 3 28 19 -8 10.0 1023.0 25.93 0 0
2010 3 28 20 -9 12.0 1024.0 30.85 0 0
2010 3 28 21 -8 9.0 1024.0 32.64 0 0
2010 3 28 22 -8 8.0 1025.0 34.43 0 0
2010 3 28 23 -7 7.0 1025.0 35.32 0 0
2010 3 29 0 -4 6.0 1025.0 37.11 0 0
2010 3 29 1 -6 6.0 1025.0 38.9 0 0
2010 3 29 2 -6 5.0 1025.0 40.69 0 0
2010 3 29 3 -5 5.0 1024.0 42.48 0 0
2010 3 29 4 -4 3.0 1024.0 43.37 0 0
2010 3 29 5 -4 2.0 1024.0 0.89 0 0
2010 3 29 6 -4 3.0 1025.0 1.78 0 0
2000 1
129.0
148.0
159.0
181.0
138.0
109.0
105.0
124.0
120.0
132.0
140.0
152.0
148.0
164.0
158.0
154.0
159.0
164.0
170.0
149.0
154.0
164.0
156.0
126.0
90.0
63.0
65.0
55.0
65.0
83.0
91.0
86.0
82.0
86.0
78.0
98.0
107.0
90.0
96.0
95.0
86.0
70.0
61.0
53.0
71.0
72.0
76.0
73.0
79.0
58.0
25.0
26.0
28.0
26.0
20.0
29.0
26.0
27.0
27.0
25.0
29.0
32.0
28.0
29.0
30.0
30.0
28.0
26.0
31.0
33.0
29.0
31.0
30.0
34.0
27.0
25.0
28.0
28.0
27.0
27.0
27.0
29.0
36.0
30.0
27.0
39.0
41.0
33.0
50.0
56.0
59.0
60.0
84.0
106.0
66.0
50.0
56.0
77.0
50.0
44.0
27.0
28.0
21.0
25.0
20.0
29.0
34.0
42.0
28.0
36.0
48.0
49.0
52.0
56.0
96.0
75.0
105.0
132.0
93.0
131.0
127.0
130.0
43.0
37.0
30.0
28.0
24.0
23.0
24.0
27.0
40.0
42.0
42.0
55.0
52.0
51.0
57.0
50.0
54.0
67.0
106.0
159.0
198.0
190.0
210.0
195.0
275.0
164.0
110.0
100.0
81.0
71.0
66.0
92.0
135.0
155.0
198.0
250.0
200.0
231.0
250.0
212.0
219.0
227.0
226.0
225.0
168.0
169.0
165.0
159.0
167.0
196.0
169.0
155.0
119.0
106.0
93.0
84.0
73.0
66.0
40.0
49.0
50.0
49.0
41.0
37.0
45.0
44.0
54.0
50.0
47.0
66.0
75.0
82.0
66.0
83.0
62.0
40.0
23.0
25.0
27.0
35.0
50.0
70.0
75.0
58.0
70.0
68.0
71.0
88.0
84.0
83.0
66.0
27.0
24.0
22.0
23.0
27.0
23.0
17.0
17.0
16.0
16.0
20.0
20.0
18.0
25.0
26.0
27.0
28.0
15.0
24.0
13.0
13.0
13.0
17.0
20.0
27.0
20.0
15.0
21.0
21.0
37.0
26.0
15.0
9.0
11.0
11.0
16.0
13.0
15.0
21.0
24.0
22.0
22.0
22.0
19.0
23.0
25.0
25.0
31.0
25.0
22.0
22.0
15.0
16.0
11.0
11.0
12.0
11.0
12.0
27.0
28.0
34.0
33.0
36.0
26.0
49.0
52.0
47.0
47.0
39.0
59.0
76.0
96.0
95.0
68.0
65.0
75.0
257.0
174.0
164.0
161.0
137.0
92.0
64.0
87.0
87.0
84.0
95.0
79.0
75.0
79.0
86.0
72.0
89.0
94.0
69.0
49.0
33.0
27.0
20.0
36.0
37.0
30.0
18.0
21.0
13.0
23.0
26.0
27.0
30.0
28.0
26.0
26.0
31.0
35.0
36.0
37.0
64.0
83.0
91.0
90.0
102.0
94.0
87.0
141.0
211.0
242.0
271.0
249.0
200.0
147.0
114.0
102.0
108.0
135.0
120.0
148.0
127.0
128.0
140.0
148.0
150.0
154.0
197.0
235.0
261.0
269.0
266.0
263.0
241.0
205.0
160.0
150.0
148.0
208.0
209.0
183.0
161.0
182.0
230.0
170.0
172.0
154.0
166.0
177.0
191.0
212.0
250.0
268.0
317.0
291.0
313.0
282.0
282.0
303.0
349.0
407.0
361.0
234.0
149.0
147.0
184.0
161.0
137.0
146.0
144.0
154.0
173.0
188.0
203.0
233.0
408.0
435.0
403.0
360.0
402.0
358.0
383.0
332.0
274.0
256.0
302.0
330.0
367.0
297.0
331.0
323.0
339.0
301.0
310.0
305.0
313.0
336.0
357.0
485.0
426.0
403.0
374.0
333.0
343.0
364.0
389.0
368.0
267.0
71.0
81.0
51.0
49.0
44.0
45.0
35.0
29.0
27.0
29.0
16.0
23.0
28.0
22.0
11.0
25.0
16.0
20.0
20.0
18.0
18.0
17.0
17.0
17.0
15.0
19.0
16.0
18.0
18.0
18.0
26.0
26.0
25.0
24.0
15.0
17.0
15.0
21.0
40.0
51.0
45.0
61.0
72.0
38.0
35.0
29.0
26.0
18.0
15.0
15.0
22.0
21.0
19.0
22.0
25.0
22.0
26.0
32.0
30.0
32.0
30.0
32.0
37.0
49.0
47.0
39.0
35.0
48.0
49.0
24.0
23.0
20.0
19.0
16.0
22.0
24.0
24.0
41.0
23.0
19.0
15.0
19.0
17.0
17.0
22.0
88.0
85.0
90.0
127.0
144.0
203.0
199.0
231.0
274.0
340.0
298.0
268.0
299.0
300.0
240.0
213.0
171.0
153.0
153.0
140.0
147.0
158.0
153.0
154.0
143.0
90.0
55.0
52.0
41.0
29.0
37.0
49.0
56.0
38.0
37.0
28.0
20.0
22.0
27.0
34.0
27.0
32.0
28.0
28.0
18.0
17.0
16.0
18.0
16.0
12.0
13.0
23.0
21.0
13.0
14.0
23.0
16.0
25.0
20.0
25.0
19.0
24.0
25.0
20.0
24.0
17.0
10.0
11.0
16.0
20.0
13.0
12.0
12.0
12.0
12.0
31.0
36.0
42.0
52.0
26.0
24.0
25.0
43.0
47.0
61.0
66.0
65.0
70.0
36.0
37.0
22.0
24.0
29.0
35.0
35.0
33.0
32.0
25.0
16.0
26.0
32.0
36.0
37.0
45.0
71.0
67.0
69.0
94.0
85.0
35.0
26.0
24.0
20.0
16.0
18.0
19.0
22.0
17.0
18.0
11.0
11.0
16.0
18.0
17.0
19.0
26.0
24.0
54.0
71.0
129.0
145.0
101.0
65.0
70.0
67.0
76.0
76.0
68.0
73.0
73.0
64.0
53.0
72.0
78.0
72.0
56.0
54.0
40.0
49.0
63.0
66.0
64.0
63.0
65.0
64.0
64.0
62.0
56.0
87.0
72.0
104.0
97.0
96.0
86.0
85.0
92.0
55.0
36.0
27.0
25.0
28.0
32.0
35.0
43.0
70.0
83.0
66.0
70.0
80.0
88.0
69.0
71.0
62.0
73.0
107.0
94.0
121.0
132.0
161.0
120.0
72.0
58.0
34.0
14.0
17.0
15.0
23.0
34.0
96.0
87.0
87.0
95.0
105.0
114.0
103.0
99.0
102.0
104.0
78.0
33.0
29.0
27.0
27.0
26.0
33.0
29.0
31.0
28.0
28.0
61.0
64.0
80.0
91.0
79.0
48.0
59.0
82.0
63.0
48.0
54.0
42.0
47.0
87.0
105.0
90.0
101.0
126.0
114.0
103.0
114.0
100.0
72.0
68.0
72.0
71.0
80.0
70.0
63.0
67.0
62.0
69.0
58.0
51.0
51.0
54.0
45.0
47.0
85.0
78.0
68.0
64.0
65.0
80.0
74.0
93.0
77.0
67.0
84.0
77.0
83.0
82.0
100.0
189.0
99.0
71.0
43.0
64.0
68.0
69.0
65.0
71.0
77.0
81.0
88.0
90.0
92.0
88.0
80.0
100.0
105.0
118.0
125.0
141.0
152.0
164.0
147.0
162.0
157.0
156.0
160.0
178.0
187.0
181.0
185.0
197.0
180.0
172.0
166.0
136.0
133.0
140.0
159.0
169.0
170.0
184.0
163.0
140.0
144.0
166.0
196.0
227.0
210.0
233.0
258.0
247.0
230.0
273.0
253.0
254.0
241.0
229.0
199.0
193.0
207.0
176.0
91.0
58.0
39.0
50.0
51.0
49.0
54.0
153.0
181.0
181.0
182.0
156.0
27.0
16.0
22.0
21.0
6.0
8.0
8.0
8.0
10.0
9.0
20.0
14.0
16.0
14.0
10.0
7.0
8.0
12.0
15.0
8.0
11.0
18.0
16.0
11.0
10.0
11.0
10.0
10.0
12.0
12.0
10.0
10.0
9.0
9.0
11.0
12.0
12.0
12.0
21.0
18.0
13.0
18.0
17.0
19.0
22.0
20.0
24.0
19.0
13.0
17.0
22.0
16.0
16.0
11.0
10.0
9.0
11.0
14.0
21.0
26.0
21.0
19.0
13.0
13.0
13.0
13.0
11.0
19.0
22.0
50.0
58.0
60.0
69.0
108.0
51.0
54.0
38.0
27.0
23.0
27.0
28.0
24.0
26.0
23.0
37.0
46.0
49.0
53.0
57.0
51.0
64.0
100.0
113.0
136.0
213.0
259.0
267.0
351.0
980.0
599.0
39.0
7.0
8.0
7.0
7.0
7.0
16.0
19.0
15.0
21.0
18.0
16.0
15.0
16.0
16.0
21.0
36.0
51.0
67.0
46.0
45.0
27.0
24.0
18.0
15.0
17.0
11.0
16.0
16.0
39.0
25.0
17.0
8.0
11.0
14.0
15.0
15.0
13.0
13.0
26.0
50.0
73.0
96.0
116.0
146.0
113.0
91.0
70.0
65.0
51.0
29.0
30.0
26.0
26.0
24.0
21.0
24.0
39.0
79.0
99.0
118.0
140.0
159.0
161.0
167.0
178.0
192.0
198.0
207.0
237.0
247.0
227.0
176.0
113.0
46.0
18.0
13.0
22.0
15.0
18.0
18.0
12.0
11.0
11.0
12.0
9.0
9.0
27.0
31.0
39.0
49.0
48.0
50.0
38.0
36.0
41.0
80.0
70.0
74.0
77.0
87.0
107.0
54.0
36.0
34.0
19.0
26.0
27.0
27.0
29.0
41.0
47.0
115.0
265.0
236.0
296.0
159.0
119.0
115.0
168.0
177.0
191.0
185.0
157.0
114.0
117.0
112.0
107.0
96.0
99.0
82.0
58.0
40.0
45.0
44.0
49.0
65.0
101.0
146.0
165.0
205.0
191.0
204.0
190.0
174.0
144.0
120.0
122.0
152.0
158.0
178.0
184.0
184.0
185.0
175.0
165.0
150.0
163.0
172.0
184.0
178.0
211.0
213.0
282.0
261.0
215.0
233.0
235.0
214.0
205.0
206.0
220.0
191.0
189.0
109.0
65.0
35.0
35.0
27.0
36.0
30.0
23.0
20.0
30.0
69.0
99.0
117.0
154.0
154.0
136.0
143.0
132.0
100.0
89.0
90.0
90.0
99.0
92.0
80.0
56.0
60.0
72.0
76.0
79.0
84.0
92.0
100.0
95.0
81.0
95.0
87.0
86.0
90.0
111.0
104.0
129.0
117.0
105.0
112.0
130.0
134.0
136.0
142.0
150.0
148.0
160.0
179.0
183.0
191.0
195.0
196.0
218.0
246.0
264.0
274.0
282.0
283.0
242.0
227.0
223.0
227.0
227.0
237.0
243.0
262.0
296.0
301.0
302.0
311.0
307.0
312.0
298.0
292.0
299.0
353.0
368.0
309.0
284.0
244.0
218.0
164.0
153.0
135.0
134.0
139.0
148.0
210.0
218.0
253.0
266.0
241.0
235.0
237.0
248.0
180.0
176.0
165.0
138.0
136.0
136.0
130.0
118.0
56.0
55.0
52.0
46.0
46.0
45.0
51.0
53.0
50.0
46.0
58.0
75.0
72.0
82.0
81.0
91.0
93.0
90.0
79.0
79.0
70.0
70.0
84.0
103.0
95.0
66.0
38.0
35.0
30.0
29.0
31.0
29.0
31.0
34.0
52.0
65.0
89.0
138.0
77.0
88.0
95.0
105.0
101.0
102.0
103.0
105.0
98.0
124.0
112.0
123.0
126.0
114.0
115.0
128.0
138.0
145.0
139.0
119.0
114.0
78.0
80.0
37.0
20.0
20.0
14.0
13.0
16.0
15.0
21.0
72.0
85.0
108.0
128.0
161.0
69.0
59.0
42.0
35.0
35.0
29.0
25.0
23.0
17.0
25.0
39.0
44.0
51.0
61.0
70.0
70.0
65.0
75.0
86.0
91.0
95.0
89.0
96.0
99.0
101.0
101.0
108.0
108.0
115.0
111.0
120.0
125.0
138.0
164.0
169.0
82.0
63.0
37.0
37.0
36.0
30.0
27.0
28.0
34.0
44.0
116.0
139.0
129.0
109.0
97.0
92.0
158.0
178.0
135.0
111.0
114.0
121.0
126.0
133.0
146.0
165.0
202.0
230.0
247.0
236.0
227.0
224.0
187.0
150.0
144.0
123.0
134.0
98.0
101.0
108.0
126.0
125.0
121.0
123.0
126.0
131.0
126.0
156.0
187.0
220.0
237.0
252.0
226.0
231.0
222.0
246.0
261.0
256.0
255.0
263.0
269.0
248.0
89.0
15.0
19.0
15.0
13.0
16.0
19.0
19.0
24.0
24.0
17.0
11.0
17.0
14.0
16.0
16.0
18.0
22.0
30.0
27.0
29.0
20.0
14.0
19.0
16.0
12.0
13.0
15.0
11.0
19.0
16.0
27.0
23.0
29.0
26.0
39.0
52.0
65.0
91.0
103.0
99.0
99.0
103.0
96.0
76.0
69.0
83.0
62.0
51.0
53.0
68.0
71.0
62.0
58.0
69.0
74.0
67.0
57.0
69.0
83.0
92.0
100.0
108.0
132.0
132.0
134.0
128.0
124.0
116.0
114.0
70.0
76.0
68.0
74.0
75.0
63.0
73.0
61.0
63.0
65.0
43.0
29.0
28.0
26.0
29.0
32.0
33.0
43.0
50.0
56.0
63.0
47.0
27.0
20.0
16.0
5.0
7.0
8.0
10.0
13.0
11.0
13.0
20.0
18.0
18.0
14.0
20.0
19.0
20.0
20.0
23.0
21.0
14.0
16.0
16.0
26.0
22.0
27.0
51.0
46.0
51.0
48.0
61.0
58.0
85.0
84.0
87.0
111.0
105.0
70.0
53.0
48.0
44.0
33.0
37.0
40.0
34.0
32.0
33.0
51.0
62.0
68.0
89.0
101.0
106.0
144.0
142.0
140.0
158.0
135.0
145.0
161.0
183.0
199.0
224.0
193.0
167.0
162.0
163.0
163.0
154.0
189.0
210.0
222.0
216.0
219.0
223.0
213.0
314.0
59.0
38.0
29.0
27.0
20.0
18.0
19.0
14.0
19.0
23.0
14.0
12.0
12.0
16.0
16.0
17.0
19.0
32.0
53.0
54.0
52.0
91.0
79.0
71.0
47.0
40.0
41.0
41.0
38.0
50.0
69.0
82.0
79.0
76.0
78.0
71.0
73.0
68.0
58.0
61.0
58.0
75.0
78.0
64.0
53.0
41.0
37.0
44.0
65.0
68.0
75.0
80.0
80.0
105.0
86.0
93.0
90.0
73.0
68.0
68.0
78.0
83.0
86.0
94.0
112.0
108.0
116.0
105.0
112.0
87.0
103.0
129.0
153.0
220.0
175.0
132.0
69.0
60.0
50.0
43.0
36.0
26.0
21.0
27.0
21.0
22.0
22.0
17.0
25.0
52.0
30.0
33.0
38.0
44.0
61.0
63.0
72.0
67.0
55.0
50.0
55.0
71.0
79.0
72.0
73.0
73.0
53.0
56.0
60.0
64.0
53.0
45.0
54.0
62.0
63.0
67.0
85.0
89.0
76.0
41.0
83.0
85.0
41.0
18.0
27.0
33.0
34.0
28.0
27.0
23.0
22.0
26.0
20.0
21.0
24.0
23.0
28.0
39.0
51.0
67.0
66.0
76.0
71.0
89.0
96.0
91.0
86.0
83.0
80.0
90.0
110.0
135.0
144.0
166.0
179.0
201.0
227.0
219.0
208.0
202.0
205.0
206.0
209.0
226.0
222.0
239.0
241.0
249.0
248.0
247.0
228.0
225.0
222.0
221.0
214.0
217.0
231.0
249.0
245.0
250.0
232.0
243.0
239.0
234.0
240.0
224.0
206.0
217.0
180.0
180.0
183.0
180.0
216.0
215.0
700.0
473.0
201.0
274.0
381.0
343.0
156.0
64.0
51.0
47.0
37.0
26.0
22.0
19.0
23.0
21.0
27.0
41.0
46.0
55.0
46.0
60.0
47.0
50.0
51.0
41.0
48.0
50.0
55.0
56.0
52.0
49.0
53.0
73.0
82.0
90.0
106.0
113.0
121.0
116.0
111.0
83.0
85.0
87.0
90.0
90.0
100.0
95.0
96.0
102.0
112.0
315.0
784.0
761.0
204.0
122.0
158.0
226.0
128.0
49.0
47.0
27.0
25.0
27.0
18.0
28.0
16.0
24.0
24.0
25.0
46.0
54.0
60.0
86.0
58.0
63.0
59.0
59.0
54.0
53.0
55.0
60.0
55.0
64.0
64.0
55.0
57.0
63.0
69.0
70.0
72.0
71.0
73.0
71.0
70.0
68.0
63.0
67.0
76.0
65.0
44.0
36.0
29.0
20.0
53.0
92.0
134.0
97.0
64.0
52.0
63.0
36.0
22.0
48.0
52.0
43.0
44.0
51.0
69.0
54.0
10.0
12.0
10.0
9.0
12.0
12.0
18.0
16.0
20.0
20.0
18.0
30.0
27.0
29.0
33.0
34.0
59.0
63.0
67.0
62.0
72.0
48.0
70.0
57.0
61.0
38.0
44.0
37.0
43.0
50.0
64.0
64.0
72.0
70.0
65.0
72.0
84.0
85.0
98.0
142.0
97.0
106.0
89.0
61.0
46.0
127.0
134.0
99.0
85.0
75.0
79.0
81.0
74.0
62.0
71.0
58.0
48.0
50.0
54.0
61.0
59.0
62.0
54.0
57.0
44.0
41.0
48.0
44.0
56.0
59.0
67.0
68.0
99.0
88.0
74.0
86.0
93.0
96.0
120.0
99.0
100.0
63.0
57.0
46.0
48.0
60.0
57.0
72.0
82.0
92.0
100.0
117.0
129.0
132.0
142.0
147.0
200 10
2010 3 29 7 -3 3.0 1025.0 0.89 0 0
2010 3 29 8 -1 7.0 1025.0 1.79 0 0
2010 3 29 9 -2 9.0 1025.0 4.92 0 0
2010 3 29 10 -2 11.0 1025.0 8.05 0 0
2010 3 29 11 -3 11.0 1025.0 11.18 0 0
2010 3 29 12 -4 12.0 1024.0 14.31 0 0
2010 3 29 13 -3 12.0 1024.0 0.89 0 0
2010 3 29 14 -1 11.0 1023.0 1.78 0 0
2010 3 29 15 3 10.0 1022.0 4.02 0 1
2010 3 29 16 5 9.0 1022.0 5.81 0 0
2010 3 29 17 5 8.0 1021.0 0.89 0 0
2010 3 29 18 5 8.0 1021.0 0.89 0 0
2010 3 29 19 5 8.0 1021.0 1.79 0 0
2010 3 29 20 6 8.0 1022.0 3.58 0 1
2010 3 29 21 6 8.0 1022.0 4.47 0 2
2010 3 29 22 6 8.0 1022.0 0.89 0 3
2010 3 29 23 6 8.0 1022.0 0.89 0 4
2010 3 30 0 6 7.0 1021.0 0.89 0 5
2010 3 30 1 6 7.0 1020.0 2.68 0 6
2010 3 30 2 6 7.0 1020.0 4.47 0 7
2010 3 30 3 6 7.0 1019.0 6.26 0 8
2010 3 30 4 6 7.0 1018.0 8.05 0 9
2010 3 30 5 6 7.0 1018.0 9.84 0 10
2010 3 30 13 7 10.0 1017.0 28.17 0 3
2010 3 31 7 6 8.0 1014.0 1.79 0 0
2010 3 31 8 5 9.0 1015.0 0.89 0 0
2010 3 31 17 -5 16.0 1012.0 12.07 0 0
2010 3 31 18 -7 15.0 1013.0 19.22 0 0
2010 3 31 19 -7 14.0 1014.0 26.37 0 0
2010 3 31 20 -8 12.0 1016.0 33.52 0 0
2010 3 31 21 -8 11.0 1017.0 39.33 0 0
2010 3 31 22 -10 10.0 1018.0 46.48 0 0
2010 3 31 23 -13 10.0 1020.0 53.63 0 0
2010 4 1 0 -14 9.0 1021.0 63.46 0 0
2010 4 1 1 -14 8.0 1021.0 73.29 0 0
2010 4 1 2 -14 7.0 1021.0 81.34 0 0
2010 4 1 3 -13 5.0 1021.0 85.36 0 0
2010 4 1 4 -16 6.0 1021.0 89.38 0 0
2010 4 1 5 -18 6.0 1021.0 92.51 0 0
2010 4 1 6 -18 5.0 1022.0 95.64 0 0
2010 4 1 7 -19 6.0 1023.0 99.66 0 0
2010 4 1 8 -19 7.0 1023.0 104.58 0 0
2010 4 1 9 -20 9.0 1023.0 111.73 0 0
2010 4 1 10 -18 10.0 1022.0 120.67 0 0
2010 4 1 13 -17 12.0 1020.0 147.94 0 0
2010 4 1 14 -18 12.0 1019.0 159.12 0 0
2010 4 1 15 -18 12.0 1018.0 171.19 0 0
2010 4 1 16 -17 12.0 1018.0 183.26 0 0
2010 4 1 17 -18 11.0 1018.0 193.09 0 0
2010 4 1 18 -19 11.0 1017.0 201.14 0 0
2010 4 1 19 -19 10.0 1018.0 208.29 0 0
2010 4 1 20 -17 9.0 1019.0 211.42 0 0
2010 4 1 21 -17 9.0 1019.0 213.21 0 0
2010 4 1 22 -11 4.0 1019.0 0.89 0 0
2010 4 1 23 -11 5.0 1018.0 1.78 0 0
2010 4 2 0 -7 2.0 1018.0 0.89 0 0
2010 4 2 1 -8 3.0 1018.0 0.45 0 0
2010 4 2 2 -9 4.0 1018.0 0.89 0 0
2010 4 2 3 -12 4.0 1019.0 4.02 0 0
2010 4 2 4 -10 2.0 1019.0 7.15 0 0
2010 4 2 5 -12 3.0 1019.0 10.28 0 0
2010 4 2 6 -15 4.0 1019.0 13.41 0 0
2010 4 2 7 -14 5.0 1020.0 17.43 0 0
2010 4 2 8 -16 7.0 1021.0 23.24 0 0
2010 4 2 9 -18 7.0 1022.0 35.31 0 0
2010 4 2 10 -18 8.0 1022.0 44.25 0 0
2010 4 2 11 -19 9.0 1022.0 53.19 0 0
2010 4 2 12 -21 9.0 1022.0 62.13 0 0
2010 4 2 13 -20 11.0 1021.0 69.28 0 0
2010 4 2 14 -20 11.0 1021.0 76.43 0 0
2010 4 2 15 -20 12.0 1020.0 83.58 0 0
2010 4 2 16 -22 12.0 1020.0 92.52 0 0
2010 4 2 17 -22 11.0 1020.0 101.46 0 0
2010 4 2 18 -21 11.0 1020.0 108.61 0 0
2010 4 2 19 -19 7.0 1021.0 110.4 0 0
2010 4 2 20 -12 5.0 1021.0 0.89 0 0
2010 4 2 21 -10 4.0 1022.0 1.78 0 0
2010 4 2 22 -11 3.0 1022.0 3.57 0 0
2010 4 2 23 -10 3.0 1022.0 5.36 0 0
2010 4 3 0 -8 0.0 1022.0 1.79 0 0
2010 4 3 1 -9 0.0 1022.0 0.89 0 0
2010 4 3 2 -7 -1.0 1022.0 1.78 0 0
2010 4 3 3 -12 1.0 1022.0 2.67 0 0
2010 4 3 4 -9 0.0 1022.0 3.12 0 0
2010 4 3 5 -11 0.0 1022.0 4.01 0 0
2010 4 3 6 -10 -1.0 1022.0 4.46 0 0
2010 4 3 7 -7 0.0 1022.0 5.35 0 0
2010 4 3 8 -9 4.0 1022.0 1.79 0 0
2010 4 3 9 -9 8.0 1021.0 4.92 0 0
2010 4 3 10 -11 10.0 1021.0 8.05 0 0
2010 4 3 11 -11 11.0 1019.0 12.07 0 0
2010 4 3 12 -12 13.0 1018.0 16.99 0 0
2010 4 3 13 -11 13.0 1016.0 21.91 0 0
2010 4 3 14 -8 13.0 1015.0 25.93 0 0
2010 4 3 15 -7 15.0 1013.0 29.06 0 0
2010 4 3 16 -5 16.0 1012.0 33.98 0 0
2010 4 3 17 -4 15.0 1011.0 38.9 0 0
2010 4 3 18 -4 13.0 1011.0 42.03 0 0
2010 4 3 19 -4 12.0 1010.0 45.16 0 0
2010 4 3 20 -4 13.0 1010.0 49.18 0 0
2010 4 3 21 -2 12.0 1010.0 53.2 0 0
2010 4 3 22 -2 12.0 1011.0 57.22 0 0
2010 4 3 23 -2 11.0 1010.0 62.14 0 0
2010 4 4 0 -1 10.0 1010.0 0.89 0 0
2010 4 4 1 -1 9.0 1010.0 1.79 0 0
2010 4 4 2 -1 7.0 1010.0 0.89 0 0
2010 4 4 3 -1 8.0 1010.0 0.89 0 0
2010 4 4 4 -1 7.0 1010.0 0.89 0 0
2010 4 4 5 -1 6.0 1010.0 1.78 0 0
2010 4 4 6 0 5.0 1010.0 3.13 0 0
2010 4 4 7 0 7.0 1011.0 4.92 0 0
2010 4 4 8 1 11.0 1011.0 1.79 0 0
2010 4 4 9 0 13.0 1012.0 4.92 0 0
2010 4 4 10 -3 16.0 1011.0 8.94 0 0
2010 4 4 11 -8 17.0 1011.0 1.79 0 0
2010 4 4 12 -8 19.0 1010.0 4.02 0 0
2010 4 4 13 -11 20.0 1009.0 7.15 0 0
2010 4 4 14 -13 21.0 1009.0 1.79 0 0
2010 4 4 15 -11 21.0 1008.0 1.79 0 0
2010 4 4 16 -11 22.0 1008.0 3.58 0 0
2010 4 4 17 -13 21.0 1007.0 6.71 0 0
2010 4 4 18 -10 20.0 1008.0 10.73 0 0
2010 4 4 19 -11 16.0 1008.0 14.75 0 0
2010 4 4 20 -8 14.0 1009.0 16.54 0 0
2010 4 4 21 -7 15.0 1009.0 19.67 0 0
2010 4 4 22 2 14.0 1010.0 24.59 0 0
2010 4 4 23 2 13.0 1010.0 28.61 0 0
2010 4 5 0 2 12.0 1010.0 31.74 0 0
2010 4 5 1 1 11.0 1011.0 34.87 0 0
2010 4 5 2 1 11.0 1011.0 39.79 0 0
2010 4 5 3 0 10.0 1012.0 0.89 0 0
2010 4 5 4 0 8.0 1011.0 1.78 0 0
2010 4 5 5 0 9.0 1011.0 1.79 0 0
2010 4 5 6 1 7.0 1012.0 3.58 0 0
2010 4 5 7 1 7.0 1013.0 0.89 0 0
2010 4 5 8 2 10.0 1013.0 1.78 0 0
2010 4 5 9 1 13.0 1013.0 1.79 0 0
2010 4 5 10 0 14.0 1013.0 1.79 0 0
2010 4 5 11 0 15.0 1012.0 1.79 0 0
2010 4 5 12 1 16.0 1012.0 5.81 0 0
2010 4 5 13 1 16.0 1011.0 10.73 0 0
2010 4 5 14 1 16.0 1011.0 15.65 0 0
2010 4 5 15 2 15.0 1011.0 20.57 0 0
2010 4 5 16 2 14.0 1012.0 26.38 0 0
2010 4 5 17 2 13.0 1014.0 29.51 0 0
2010 4 5 18 4 8.0 1016.0 8.05 0 1
2010 4 5 19 4 8.0 1018.0 3.13 0 2
2010 4 5 20 4 8.0 1020.0 3.13 0 0
2010 4 5 21 4 8.0 1022.0 3.13 0 0
2010 4 5 22 4 6.0 1023.0 0.89 0 0
2010 4 5 23 3 7.0 1024.0 1.79 0 0
2010 4 6 0 2 6.0 1024.0 0.89 0 0
2010 4 6 1 -3 7.0 1024.0 3.13 0 0
2010 4 6 2 -7 7.0 1025.0 7.15 0 0
2010 4 6 3 -7 6.0 1025.0 10.28 0 0
2010 4 6 4 -8 6.0 1026.0 14.3 0 0
2010 4 6 5 -11 6.0 1026.0 19.22 0 0
2010 4 6 6 -12 5.0 1027.0 24.14 0 0
2010 4 6 7 -13 7.0 1027.0 29.95 0 0
2010 4 6 8 -14 9.0 1028.0 37.1 0 0
2010 4 6 9 -16 11.0 1028.0 45.15 0 0
2010 4 6 10 -16 12.0 1028.0 54.98 0 0
2010 4 6 11 -17 13.0 1027.0 62.13 0 0
2010 4 6 12 -14 13.0 1026.0 1.79 0 0
2010 4 6 13 -15 14.0 1025.0 4.92 0 0
2010 4 6 14 -17 16.0 1024.0 5.81 0 0
2010 4 6 15 -17 16.0 1024.0 12.96 0 0
2010 4 6 16 -17 16.0 1023.0 18.77 0 0
2010 4 6 17 -17 15.0 1024.0 22.79 0 0
2010 4 6 18 -15 14.0 1023.0 25.92 0 0
2010 4 6 19 -17 13.0 1024.0 0.45 0 0
2010 4 6 20 -15 13.0 1025.0 3.13 0 0
2010 4 6 21 -11 11.0 1025.0 1.79 0 0
2010 4 6 22 -8 8.0 1025.0 0.89 0 0
2010 4 6 23 -10 8.0 1025.0 1.78 0 0
2010 4 7 0 -5 5.0 1025.0 0.89 0 0
2010 4 7 1 -9 6.0 1025.0 0.45 0 0
2010 4 7 2 -9 4.0 1024.0 1.34 0 0
2010 4 7 3 -8 3.0 1024.0 0.89 0 0
2010 4 7 4 -7 4.0 1024.0 0.89 0 0
2010 4 7 5 -7 3.0 1024.0 0.89 0 0
2010 4 7 6 -7 1.0 1024.0 1.79 0 0
2010 4 7 7 -3 3.0 1025.0 0.89 0 0
2010 4 7 8 -5 6.0 1025.0 0.89 0 0
2010 4 7 9 -5 10.0 1024.0 1.79 0 0
2010 4 7 10 -5 12.0 1024.0 1.79 0 0
2010 4 7 11 -4 15.0 1022.0 3.13 0 0
2010 4 7 12 -4 17.0 1021.0 8.05 0 0
2010 4 7 13 -5 19.0 1019.0 15.2 0 0
2010 4 7 14 -7 20.0 1018.0 24.14 0 0
2010 4 7 15 -7 20.0 1017.0 33.97 0 0
2010 4 7 16 -7 20.0 1015.0 42.91 0 0
2010 4 7 17 -8 20.0 1014.0 50.96 0 0
2010 4 7 18 -7 19.0 1014.0 59.01 0 0
2010 4 7 19 -8 18.0 1014.0 63.93 0 0
2010 4 7 20 -6 16.0 1014.0 68.85 0 0
2010 4 7 21 -4 16.0 1015.0 74.66 0 0
2010 4 7 22 -3 15.0 1015.0 81.81 0 0
2010 4 7 23 -2 14.0 1015.0 88.96 0 0
2010 4 8 0 -1 13.0 1014.0 94.77 0 0
200 1
169.0
208.0
198.0
203.0
218.0
220.0
222.0
237.0
245.0
260.0
259.0
275.0
280.0
296.0
366.0
317.0
297.0
288.0
288.0
254.0
254.0
248.0
271.0
195.0
124.0
129.0
200.0
187.0
149.0
113.0
85.0
71.0
42.0
31.0
39.0
49.0
35.0
31.0
26.0
24.0
22.0
30.0
25.0
21.0
35.0
31.0
15.0
16.0
18.0
15.0
17.0
24.0
20.0
54.0
39.0
27.0
52.0
41.0
35.0
44.0
45.0
40.0
27.0
27.0
21.0
14.0
14.0
17.0
13.0
17.0
16.0
18.0
12.0
12.0
21.0
30.0
69.0
77.0
49.0
48.0
53.0
52.0
53.0
58.0
56.0
60.0
100.0
133.0
138.0
67.0
59.0
82.0
89.0
110.0
128.0
132.0
136.0
132.0
119.0
131.0
161.0
168.0
164.0
184.0
178.0
194.0
206.0
191.0
180.0
200.0
170.0
197.0
184.0
167.0
111.0
92.0
44.0
41.0
34.0
27.0
32.0
43.0
61.0
70.0
87.0
98.0
173.0
199.0
177.0
169.0
187.0
166.0
161.0
169.0
180.0
166.0
185.0
166.0
171.0
176.0
186.0
142.0
121.0
130.0
132.0
126.0
47.0
25.0
23.0
20.0
18.0
30.0
14.0
12.0
18.0
19.0
33.0
26.0
24.0
28.0
27.0
19.0
16.0
15.0
16.0
16.0
15.0
17.0
12.0
15.0
17.0
23.0
19.0
24.0
34.0
52.0
55.0
69.0
87.0
102.0
79.0
75.0
68.0
78.0
101.0
114.0
135.0
140.0
118.0
108.0
103.0
94.0
90.0
87.0
80.0
84.0
96.0
110.0
104.0
97.0
