500 10
2010 1 2 0 -16 -4.0 1020.0 1.79 0 0
2010 1 2 1 -15 -4.0 1020.0 2.68 0 0
2010 1 2 2 -11 -5.0 1021.0 3.57 0 0
2010 1 2 3 -7 -5.0 1022.0 5.36 1 0
2010 1 2 4 -7 -5.0 1022.0 6.25 2 0
2010 1 2 5 -7 -6.0 1022.0 7.14 3 0
2010 1 2 6 -7 -6.0 1023.0 8.93 4 0
2010 1 2 7 -7 -5.0 1024.0 10.72 0 0
2010 1 2 8 -8 -6.0 1024.0 12.51 0 0
2010 1 2 9 -7 -5.0 1025.0 14.3 0 0
2010 1 2 10 -7 -5.0 1026.0 17.43 1 0
2010 1 2 11 -8 -5.0 1026.0 20.56 0 0
2010 1 2 12 -8 -5.0 1026.0 23.69 0 0
2010 1 2 13 -8 -5.0 1025.0 27.71 0 0
2010 1 2 14 -9 -5.0 1025.0 31.73 0 0
2010 1 2 15 -9 -5.0 1025.0 35.75 0 0
2010 1 2 16 -9 -5.0 1026.0 37.54 0 0
2010 1 2 17 -8 -5.0 1027.0 39.33 0 0
2010 1 2 18 -8 -5.0 1027.0 42.46 0 0
2010 1 2 19 -8 -5.0 1028.0 44.25 0 0
2010 1 2 20 -7 -5.0 1028.0 46.04 0 0
2010 1 2 21 -7 -5.0 1027.0 49.17 1 0
2010 1 2 22 -8 -6.0 1028.0 52.3 2 0
2010 1 2 23 -8 -6.0 1027.0 55.43 3 0
2010 1 3 0 -7 -6.0 1027.0 58.56 4 0
2010 1 3 1 -8 -6.0 1026.0 61.69 5 0
2010 1 3 2 -8 -7.0 1026.0 65.71 6 0
2010 1 3 3 -8 -7.0 1025.0 68.84 7 0
2010 1 3 4 -8 -7.0 1024.0 72.86 8 0
2010 1 3 5 -9 -8.0 1024.0 76.88 9 0
2010 1 3 6 -10 -8.0 1024.0 80.9 10 0
2010 1 3 7 -10 -9.0 1024.0 84.92 11 0
2010 1 3 8 -10 -9.0 1024.0 89.84 12 0
2010 1 3 9 -11 -9.0 1023.0 93.86 13 0
2010 1 3 10 -11 -9.0 1023.0 97.88 15 0
2010 1 3 11 -11 -9.0 1022.0 102.8 16 0
2010 1 3 12 -11 -9.0 1021.0 105.93 17 0
2010 1 3 13 -11 -9.0 1020.0 111.74 19 0
2010 1 3 14 -11 -9.0 1020.0 116.66 20 0
2010 1 3 15 -11 -9.0 1020.0 121.58 21 0
2010 1 3 16 -11 -9.0 1020.0 124.71 22 0
2010 1 3 17 -11 -9.0 1020.0 127.84 23 0
2010 1 3 18 -11 -9.0 1021.0 0.89 24 0
2010 1 3 19 -11 -9.0 1022.0 1.78 25 0
2010 1 3 20 -10 -9.0 1022.0 4.02 26 0
2010 1 3 21 -11 -10.0 1023.0 7.15 27 0
2010 1 3 22 -11 -9.0 1023.0 11.17 0 0
2010 1 3 23 -12 -11.0 1023.0 14.3 0 0
2010 1 4 0 -14 -12.0 1023.0 16.09 0 0
2010 1 4 1 -16 -9.0 1023.0 21.9 0 0
2010 1 4 2 -17 -10.0 1024.0 29.95 0 0
2010 1 4 3 -18 -11.0 1024.0 39.78 0 0
2010 1 4 4 -19 -11.0 1025.0 48.72 0 0
2010 1 4 5 -20 -12.0 1026.0 55.87 0 0
2010 1 4 6 -21 -12.0 1027.0 64.81 0 0
2010 1 4 7 -21 -13.0 1027.0 73.75 0 0
2010 1 4 8 -22 -13.0 1028.0 80.9 0 0
2010 1 4 9 -22 -13.0 1029.0 90.73 0 0
2010 1 4 10 -22 -12.0 1030.0 100.56 0 0
2010 1 4 11 -23 -12.0 1031.0 108.61 0 0
2010 1 4 12 -21 -11.0 1030.0 117.55 0 0
2010 1 4 13 -20 -10.0 1030.0 127.38 0 0
2010 1 4 14 -21 -10.0 1030.0 136.32 0 0
2010 1 4 15 -21 -9.0 1030.0 145.26 0 0
2010 1 4 16 -21 -9.0 1031.0 152.41 0 0
2010 1 4 17 -20 -11.0 1032.0 159.56 0 0
2010 1 4 18 -23 -11.0 1032.0 165.37 0 0
2010 1 4 19 -21 -12.0 1033.0 171.18 0 0
2010 1 4 20 -24 -12.0 1034.0 180.12 0 0
2010 1 4 21 -24 -13.0 1034.0 187.27 0 0
2010 1 4 22 -24 -13.0 1035.0 195.32 0 0
2010 1 4 23 -26 -15.0 1035.0 198.45 0 0
2010 1 5 0 -26 -17.0 1035.0 201.58 0 0
2010 1 5 1 -26 -18.0 1035.0 205.6 0 0
2010 1 5 2 -26 -19.0 1035.0 208.73 0 0
2010 1 5 3 -27 -18.0 1035.0 213.65 0 0
2010 1 5 4 -27 -19.0 1035.0 218.57 0 0
2010 1 5 5 -27 -16.0 1034.0 4.92 0 0
2010 1 5 6 -26 -16.0 1035.0 8.05 0 0
2010 1 5 7 -27 -16.0 1034.0 13.86 0 0
2010 1 5 8 -26 -16.0 1035.0 18.78 0 0
2010 1 5 9 -26 -15.0 1035.0 24.59 0 0
2010 1 5 10 -25 -14.0 1035.0 29.51 0 0
2010 1 5 11 -25 -13.0 1035.0 34.43 0 0
2010 1 5 12 -25 -12.0 1034.0 39.35 0 0
2010 1 5 13 -24 -11.0 1032.0 41.14 0 0
2010 1 5 14 -22 -11.0 1032.0 0.89 0 0
2010 1 5 15 -23 -11.0 1031.0 1.79 0 0
2010 1 5 16 -24 -11.0 1031.0 3.58 0 0
2010 1 5 17 -23 -11.0 1031.0 5.37 0 0
2010 1 5 18 -23 -11.0 1032.0 7.16 0 0
2010 1 5 19 -22 -13.0 1033.0 10.29 0 0
2010 1 5 20 -22 -12.0 1033.0 13.42 0 0
2010 1 5 21 -24 -18.0 1033.0 16.55 0 0
2010 1 5 22 -22 -13.0 1034.0 20.57 0 0
2010 1 5 23 -22 -16.0 1033.0 23.7 0 0
2010 1 6 0 -25 -17.0 1033.0 26.83 0 0
2010 1 6 1 -25 -14.0 1033.0 4.02 0 0
2010 1 6 2 -26 -14.0 1034.0 8.04 0 0
2010 1 6 3 -26 -14.0 1033.0 13.85 0 0
2010 1 6 4 -26 -14.0 1033.0 17.87 0 0
2010 1 6 5 -26 -14.0 1033.0 23.68 0 0
2010 1 6 6 -26 -14.0 1033.0 28.6 0 0
2010 1 6 7 -26 -15.0 1034.0 33.52 0 0
2010 1 6 8 -26 -14.0 1034.0 39.33 0 0
2010 1 6 9 -25 -13.0 1035.0 44.25 0 0
2010 1 6 10 -25 -12.0 1035.0 50.06 0 0
2010 1 6 11 -24 -11.0 1035.0 54.98 0 0
2010 1 6 12 -24 -10.0 1034.0 59.0 0 0
2010 1 6 13 -22 -10.0 1033.0 4.02 0 0
2010 1 6 14 -22 -9.0 1033.0 5.81 0 0
2010 1 6 15 -22 -8.0 1033.0 0.89 0 0
2010 1 6 16 -22 -8.0 1033.0 1.79 0 0
2010 1 6 17 -21 -9.0 1033.0 3.58 0 0
2010 1 6 18 -22 -9.0 1033.0 5.37 0 0
2010 1 6 19 -22 -14.0 1034.0 0.89 0 0
2010 1 6 20 -22 -12.0 1035.0 1.79 0 0
2010 1 6 21 -21 -14.0 1034.0 3.58 0 0
2010 1 6 22 -22 -16.0 1035.0 5.37 0 0
2010 1 6 23 -21 -16.0 1035.0 7.16 0 0
2010 1 7 0 -21 -16.0 1035.0 8.95 0 0
2010 1 7 1 -21 -16.0 1035.0 0.45 0 0
2010 1 7 2 -22 -18.0 1036.0 1.34 0 0
2010 1 7 3 -23 -15.0 1036.0 4.02 0 0
2010 1 7 4 -24 -16.0 1035.0 7.15 0 0
2010 1 7 5 -25 -15.0 1035.0 10.28 0 0
2010 1 7 6 -24 -15.0 1035.0 14.3 0 0
2010 1 7 7 -25 -13.0 1036.0 4.92 0 0
2010 1 7 8 -24 -14.0 1036.0 4.02 0 0
2010 1 7 9 -23 -12.0 1036.0 8.94 0 0
2010 1 7 10 -22 -11.0 1036.0 12.96 0 0
2010 1 7 11 -20 -10.0 1036.0 16.09 0 0
2010 1 7 12 -21 -9.0 1035.0 19.22 0 0
2010 1 7 13 -21 -8.0 1034.0 21.01 0 0
2010 1 7 14 -20 -7.0 1033.0 22.8 0 0
2010 1 7 15 -20 -7.0 1032.0 24.59 0 0
2010 1 7 16 -18 -8.0 1032.0 26.38 0 0
2010 1 7 17 -19 -9.0 1032.0 28.17 0 0
2010 1 7 18 -19 -11.0 1032.0 0.89 0 0
2010 1 7 19 -18 -11.0 1033.0 1.79 0 0
2010 1 7 20 -19 -15.0 1032.0 1.79 0 0
2010 1 7 21 -19 -14.0 1032.0 0.45 0 0
2010 1 7 22 -21 -14.0 1032.0 1.34 0 0
2010 1 7 23 -21 -16.0 1032.0 2.23 0 0
2010 1 8 0 -21 -17.0 1031.0 1.79 0 0
2010 1 8 1 -19 -16.0 1031.0 3.58 0 0
2010 1 8 2 -20 -16.0 1031.0 0.89 0 0
2010 1 8 3 -19 -15.0 1030.0 0.89 0 0
2010 1 8 4 -18 -15.0 1030.0 0.45 0 0
2010 1 8 5 -18 -15.0 1029.0 1.34 0 0
2010 1 8 6 -18 -15.0 1029.0 1.79 0 0
2010 1 8 7 -16 -13.0 1029.0 0.89 0 0
2010 1 8 8 -16 -12.0 1029.0 0.89 0 0
2010 1 8 9 -16 -12.0 1030.0 1.78 0 0
2010 1 8 10 -17 -10.0 1030.0 0.89 0 0
2010 1 8 11 -16 -10.0 1029.0 0.89 0 0
2010 1 8 12 -16 -9.0 1028.0 3.13 0 0
2010 1 8 13 -15 -8.0 1026.0 4.92 0 0
2010 1 8 14 -16 -8.0 1026.0 0.89 0 0
2010 1 8 15 -16 -8.0 1025.0 1.78 0 0
2010 1 8 16 -16 -8.0 1025.0 2.67 0 0
2010 1 8 17 -17 -8.0 1025.0 0.89 0 0
2010 1 8 18 -17 -9.0 1026.0 0.45 0 0
2010 1 8 19 -17 -11.0 1026.0 1.34 0 0
2010 1 8 20 -17 -12.0 1026.0 1.79 0 0
2010 1 8 21 -18 -14.0 1027.0 1.79 0 0
2010 1 8 22 -16 -9.0 1027.0 4.92 0 0
2010 1 8 23 -16 -11.0 1027.0 6.71 0 0
2010 1 9 0 -17 -13.0 1027.0 0.89 0 0
2010 1 9 1 -17 -13.0 1027.0 3.13 0 0
2010 1 9 2 -17 -14.0 1027.0 4.92 0 0
2010 1 9 3 -17 -15.0 1027.0 8.05 0 0
2010 1 9 4 -17 -13.0 1027.0 9.84 0 0
2010 1 9 5 -19 -16.0 1027.0 13.86 0 0
2010 1 9 6 -18 -15.0 1027.0 17.88 0 0
2010 1 9 7 -19 -15.0 1027.0 21.9 0 0
2010 1 9 8 -18 -14.0 1028.0 25.92 0 0
2010 1 9 9 -18 -9.0 1029.0 5.81 0 0
2010 1 9 10 -17 -7.0 1029.0 11.62 0 0
2010 1 9 11 -17 -6.0 1030.0 17.43 0 0
2010 1 9 12 -16 -6.0 1029.0 23.24 0 0
2010 1 9 13 -16 -5.0 1029.0 28.16 0 0
2010 1 9 14 -15 -4.0 1029.0 33.08 0 0
2010 1 9 15 -14 -4.0 1028.0 37.1 0 0
2010 1 9 16 -15 -4.0 1029.0 38.89 0 0
2010 1 9 17 -15 -4.0 1030.0 1.79 0 0
2010 1 9 18 -15 -7.0 1030.0 3.13 0 0
2010 1 9 19 -15 -6.0 1031.0 3.13 0 0
2010 1 9 20 -15 -7.0 1032.0 4.92 0 0
2010 1 9 21 -15 -6.0 1032.0 3.13 0 0
2010 1 9 22 -15 -8.0 1033.0 0.45 0 0
2010 1 9 23 -15 -8.0 1033.0 0.9 0 0
2010 1 10 0 -15 -11.0 1033.0 0.89 0 0
2010 1 10 1 -17 -13.0 1033.0 1.78 0 0
2010 1 10 2 -17 -12.0 1033.0 4.91 0 0
2010 1 10 3 -17 -13.0 1033.0 8.04 0 0
2010 1 10 4 -19 -14.0 1032.0 9.83 0 0
2010 1 10 5 -18 -13.0 1032.0 12.96 0 0
2010 1 10 6 -19 -13.0 1032.0 16.09 0 0
2010 1 10 7 -19 -14.0 1033.0 19.22 0 0
2010 1 10 8 -19 -14.0 1034.0 22.35 0 0
2010 1 10 9 -17 -12.0 1033.0 24.14 0 0
2010 1 10 10 -16 -7.0 1033.0 4.02 0 0
2010 1 10 11 -15 -7.0 1033.0 3.13 0 0
2010 1 10 12 -15 -7.0 1032.0 6.26 0 0
2010 1 10 13 -14 -6.0 1031.0 9.39 0 0
2010 1 10 14 -14 -6.0 1031.0 12.52 0 0
2010 1 10 15 -13 -5.0 1030.0 14.31 0 0
2010 1 10 16 -14 -5.0 1031.0 16.1 0 0
2010 1 10 17 -14 -6.0 1031.0 19.23 0 0
2010 1 10 18 -13 -7.0 1032.0 23.25 0 0
2010 1 10 19 -15 -6.0 1032.0 27.27 0 0
2010 1 10 20 -15 -6.0 1033.0 30.4 0 0
2010 1 10 21 -15 -4.0 1034.0 35.32 0 0
2010 1 10 22 -16 -4.0 1034.0 44.26 0 0
2010 1 10 23 -17 -5.0 1035.0 52.31 0 0
2010 1 11 0 -17 -6.0 1035.0 60.36 0 0
2010 1 11 1 -17 -8.0 1035.0 0.89 0 0
2010 1 11 2 -19 -11.0 1036.0 4.02 0 0
2010 1 11 3 -20 -11.0 1036.0 8.94 0 0
2010 1 11 4 -21 -11.0 1035.0 4.02 0 0
2010 1 11 5 -22 -12.0 1035.0 3.13 0 0
2010 1 11 6 -22 -12.0 1035.0 4.92 0 0
2010 1 11 7 -22 -13.0 1036.0 5.81 0 0
2010 1 11 8 -22 -9.0 1036.0 13.86 0 0
2010 1 11 9 -22 -10.0 1036.0 21.91 0 0
2010 1 11 10 -22 -9.0 1036.0 29.06 0 0
2010 1 11 11 -21 -9.0 1036.0 33.08 0 0
2010 1 11 12 -20 -6.0 1035.0 42.02 0 0
2010 1 11 13 -19 -5.0 1034.0 50.96 0 0
2010 1 11 14 -19 -5.0 1033.0 59.01 0 0
2010 1 11 15 -20 -5.0 1033.0 66.16 0 0
2010 1 11 16 -20 -5.0 1032.0 71.97 0 0
2010 1 11 17 -20 -5.0 1033.0 76.89 0 0
2010 1 11 18 -20 -7.0 1033.0 81.81 0 0
2010 1 11 19 -22 -7.0 1033.0 85.83 0 0
2010 1 11 20 -22 -8.0 1033.0 89.85 0 0
2010 1 11 21 -23 -10.0 1033.0 91.64 0 0
2010 1 11 22 -23 -13.0 1033.0 93.43 0 0
2010 1 11 23 -22 -12.0 1032.0 0.89 0 0
2010 1 12 0 -22 -15.0 1031.0 1.78 0 0
2010 1 12 1 -22 -14.0 1031.0 1.79 0 0
2010 1 12 2 -22 -14.0 1031.0 0.89 0 0
2010 1 12 3 -24 -18.0 1030.0 1.79 0 0
2010 1 12 4 -24 -13.0 1030.0 3.58 0 0
2010 1 12 5 -25 -14.0 1030.0 3.13 0 0
2010 1 12 6 -24 -14.0 1030.0 7.15 0 0
2010 1 12 7 -25 -12.0 1030.0 12.96 0 0
2010 1 12 8 -26 -14.0 1030.0 16.98 0 0
2010 1 12 9 -25 -12.0 1031.0 21.0 0 0
2010 1 12 10 -25 -11.0 1031.0 26.81 0 0
2010 1 12 11 -24 -11.0 1030.0 35.75 0 0
2010 1 12 12 -23 -11.0 1029.0 47.82 0 0
2010 1 12 13 -22 -11.0 1029.0 63.02 0 0
2010 1 12 14 -23 -11.0 1029.0 75.98 0 0
2010 1 12 15 -22 -11.0 1029.0 88.05 0 0
2010 1 12 16 -23 -11.0 1030.0 101.01 0 0
2010 1 12 17 -24 -11.0 1030.0 109.06 0 0
2010 1 12 18 -24 -11.0 1032.0 118.0 0 0
2010 1 12 19 -23 -11.0 1032.0 126.05 0 0
2010 1 12 20 -23 -12.0 1032.0 134.1 0 0
2010 1 12 21 -24 -12.0 1033.0 142.15 0 0
2010 1 12 22 -23 -12.0 1033.0 150.2 0 0
2010 1 12 23 -23 -12.0 1034.0 160.03 0 0
2010 1 13 0 -24 -12.0 1034.0 169.86 0 0
2010 1 13 1 -24 -12.0 1033.0 178.8 0 0
2010 1 13 2 -25 -12.0 1033.0 189.98 0 0
2010 1 13 3 -24 -13.0 1033.0 198.03 0 0
2010 1 13 4 -25 -12.0 1032.0 205.18 0 0
2010 1 13 5 -25 -12.0 1033.0 215.01 0 0
2010 1 13 6 -25 -12.0 1032.0 226.19 0 0
2010 1 13 7 -25 -12.0 1032.0 235.13 0 0
2010 1 13 8 -25 -12.0 1032.0 243.18 0 0
2010 1 13 9 -23 -11.0 1033.0 252.12 0 0
2010 1 13 10 -23 -10.0 1033.0 257.93 0 0
2010 1 13 11 -22 -9.0 1033.0 263.74 0 0
2010 1 13 12 -21 -8.0 1031.0 270.89 0 0
2010 1 13 13 -21 -6.0 1030.0 278.94 0 0
2010 1 13 14 -20 -5.0 1029.0 286.99 0 0
2010 1 13 15 -22 -5.0 1028.0 294.14 0 0
2010 1 13 16 -21 -5.0 1028.0 299.06 0 0
2010 1 13 17 -19 -7.0 1028.0 1.79 0 0
2010 1 13 18 -19 -8.0 1028.0 0.45 0 0
2010 1 13 19 -20 -9.0 1028.0 1.34 0 0
2010 1 13 20 -19 -10.0 1027.0 1.79 0 0
2010 1 13 21 -19 -13.0 1027.0 0.89 0 0
2010 1 13 22 -18 -12.0 1027.0 1.78 0 0
2010 1 13 23 -18 -13.0 1027.0 0.89 0 0
2010 1 14 0 -18 -14.0 1026.0 1.78 0 0
2010 1 14 1 -20 -15.0 1025.0 2.67 0 0
2010 1 14 2 -20 -15.0 1025.0 0.89 0 0
2010 1 14 3 -20 -16.0 1025.0 1.78 0 0
2010 1 14 4 -20 -16.0 1024.0 3.57 0 0
2010 1 14 5 -21 -17.0 1024.0 6.7 0 0
2010 1 14 6 -19 -14.0 1023.0 10.72 0 0
2010 1 14 7 -21 -17.0 1023.0 13.85 0 0
2010 1 14 8 -19 -15.0 1024.0 15.64 0 0
2010 1 14 9 -19 -14.0 1024.0 18.77 0 0
2010 1 14 10 -18 -10.0 1024.0 22.79 0 0
2010 1 14 11 -17 -9.0 1023.0 24.58 0 0
2010 1 14 12 -16 -6.0 1023.0 26.37 0 0
2010 1 14 13 -17 -5.0 1022.0 28.16 0 0
2010 1 14 14 -16 -5.0 1022.0 29.95 0 0
2010 1 14 15 -15 -4.0 1022.0 33.08 0 0
2010 1 14 16 -16 -4.0 1023.0 0.89 0 0
2010 1 14 17 -15 -5.0 1025.0 1.79 0 0
2010 1 14 18 -14 -3.0 1026.0 5.81 0 0
2010 1 14 19 -16 -3.0 1027.0 11.62 0 0
2010 1 14 20 -15 -4.0 1029.0 20.56 0 0
2010 1 14 21 -16 -5.0 1031.0 24.58 0 0
2010 1 14 22 -17 -6.0 1032.0 3.13 0 0
2010 1 14 23 -18 -6.0 1033.0 8.05 0 0
2010 1 15 0 -19 -7.0 1034.0 13.86 0 0
2010 1 15 1 -17 -8.0 1035.0 5.81 0 0
2010 1 15 2 -18 -10.0 1035.0 11.62 0 0
2010 1 15 3 -19 -10.0 1036.0 14.75 0 0
2010 1 15 4 -19 -9.0 1036.0 19.67 0 0
2010 1 15 5 -19 -9.0 1036.0 7.15 0 0
2010 1 15 6 -20 -9.0 1037.0 12.96 0 0
2010 1 15 7 -19 -9.0 1037.0 18.77 0 0
2010 1 15 8 -19 -8.0 1038.0 22.79 0 0
2010 1 15 9 -19 -8.0 1039.0 28.6 0 0
2010 1 15 10 -19 -7.0 1039.0 35.75 0 0
2010 1 15 11 -18 -6.0 1039.0 41.56 0 0
2010 1 15 12 -18 -5.0 1039.0 45.58 0 0
2010 1 15 13 -17 -4.0 1038.0 1.79 0 0
2010 1 15 14 -16 -3.0 1037.0 0.89 0 0
2010 1 15 15 -17 -3.0 1037.0 1.78 0 0
2010 1 15 16 -17 -2.0 1037.0 2.23 0 0
2010 1 15 17 -15 -5.0 1036.0 0.89 0 0
2010 1 15 18 -15 -6.0 1036.0 0.89 0 0
2010 1 15 19 -15 -6.0 1037.0 1.78 0 0
2010 1 15 20 -14 -6.0 1037.0 1.79 0 0
2010 1 15 21 -14 -8.0 1036.0 3.58 0 0
2010 1 15 22 -14 -10.0 1037.0 0.89 0 0
2010 1 15 23 -15 -11.0 1036.0 1.78 0 0
2010 1 16 0 -15 -11.0 1036.0 2.67 0 0
2010 1 16 1 -16 -13.0 1036.0 0.89 0 0
2010 1 16 2 -16 -12.0 1036.0 0.89 0 0
2010 1 16 3 -16 -13.0 1035.0 0.89 0 0
2010 1 16 4 -15 -12.0 1035.0 1.78 0 0
2010 1 16 5 -14 -10.0 1034.0 1.79 0 0
2010 1 16 6 -15 -10.0 1034.0 2.68 0 0
2010 1 16 7 -15 -11.0 1034.0 4.47 0 0
2010 1 16 8 -15 -11.0 1034.0 6.26 0 0
2010 1 16 9 -14 -9.0 1034.0 8.05 0 0
2010 1 16 10 -14 -9.0 1034.0 9.84 0 0
2010 1 16 11 -13 -6.0 1034.0 0.89 0 0
2010 1 16 12 -13 -5.0 1033.0 1.79 0 0
2010 1 16 13 -12 -4.0 1031.0 0.89 0 0
2010 1 16 14 -12 -3.0 1031.0 1.78 0 0
2010 1 16 15 -12 -3.0 1030.0 2.67 0 0
2010 1 16 16 -11 -3.0 1030.0 3.56 0 0
2010 1 16 17 -11 -4.0 1031.0 0.89 0 0
2010 1 16 18 -12 -7.0 1031.0 0.89 0 0
2010 1 16 19 -12 -7.0 1032.0 1.78 0 0
2010 1 16 20 -12 -8.0 1032.0 2.23 0 0
2010 1 16 21 -12 -9.0 1032.0 3.12 0 0
2010 1 16 22 -13 -11.0 1032.0 0.89 0 0
2010 1 16 23 -14 -11.0 1032.0 2.68 0 0
2010 1 17 0 -15 -12.0 1032.0 5.81 0 0
2010 1 17 1 -14 -11.0 1032.0 0.45 0 0
2010 1 17 2 -14 -11.0 1031.0 1.34 0 0
2010 1 17 3 -14 -12.0 1031.0 1.79 0 0
2010 1 17 4 -14 -12.0 1031.0 3.58 0 0
2010 1 17 5 -14 -10.0 1030.0 6.71 0 0
2010 1 17 6 -14 -11.0 1030.0 9.84 0 0
2010 1 17 7 -15 -10.0 1030.0 11.63 0 0
2010 1 17 8 -13 -10.0 1030.0 14.76 0 0
2010 1 17 9 -13 -8.0 1030.0 17.89 0 0
2010 1 17 10 -12 -6.0 1030.0 0.45 0 0
2010 1 17 11 -11 -5.0 1030.0 1.34 0 0
2010 1 17 12 -11 -4.0 1029.0 2.23 0 0
2010 1 17 13 -11 -3.0 1028.0 3.12 0 0
2010 1 17 14 -10 -1.0 1027.0 4.01 0 0
2010 1 17 15 -11 -1.0 1027.0 4.46 0 0
2010 1 17 16 -10 -1.0 1026.0 0.89 0 0
2010 1 17 17 -10 -3.0 1026.0 1.78 0 0
2010 1 17 18 -10 -5.0 1027.0 2.67 0 0
2010 1 17 19 -10 -6.0 1027.0 0.89 0 0
2010 1 17 20 -11 -7.0 1027.0 0.45 0 0
2010 1 17 21 -10 -7.0 1027.0 0.9 0 0
2010 1 17 22 -11 -9.0 1027.0 1.35 0 0
2010 1 17 23 -12 -9.0 1027.0 0.89 0 0
2010 1 18 0 -12 -10.0 1028.0 0.89 0 0
2010 1 18 1 -13 -11.0 1028.0 3.13 0 0
2010 1 18 2 -11 -9.0 1028.0 4.92 0 0
2010 1 18 3 -13 -10.0 1028.0 6.71 0 0
2010 1 18 4 -13 -11.0 1028.0 7.6 0 0
2010 1 18 5 -13 -11.0 1027.0 1.79 0 0
2010 1 18 6 -14 -11.0 1028.0 0.89 0 0
2010 1 18 7 -14 -11.0 1028.0 4.02 0 0
2010 1 18 8 -14 -11.0 1028.0 5.81 0 0
2010 1 18 9 -11 -6.0 1028.0 9.83 0 0
2010 1 18 10 -10 -5.0 1028.0 11.62 0 0
2010 1 18 11 -9 -3.0 1028.0 13.41 0 0
2010 1 18 12 -8 -1.0 1027.0 15.2 0 0
2010 1 18 13 -9 0.0 1026.0 16.99 0 0
2010 1 18 14 -9 1.0 1025.0 1.79 0 0
2010 1 18 15 -9 1.0 1025.0 0.89 0 0
2010 1 18 16 -8 1.0 1025.0 0.89 0 0
2010 1 18 17 -7 -1.0 1025.0 2.68 0 0
2010 1 18 18 -7 -2.0 1025.0 0.89 0 0
2010 1 18 19 -7 -3.0 1025.0 0.89 0 0
2010 1 18 20 -5 -2.0 1026.0 0.89 0 0
2010 1 18 21 -5 -1.0 1026.0 1.79 0 0
2010 1 18 22 -5 -1.0 1026.0 3.58 0 0
2010 1 18 23 -6 -1.0 1026.0 0.89 0 0
2010 1 19 0 -4 -1.0 1025.0 1.79 0 0
2010 1 19 1 -5 -1.0 1024.0 4.92 0 0
2010 1 19 2 -5 -1.0 1024.0 6.71 0 0
2010 1 19 3 -5 -1.0 1023.0 8.5 0 0
2010 1 19 4 -4 -1.0 1022.0 10.29 0 0
2010 1 19 5 -4 -1.0 1021.0 11.18 0 0
2010 1 19 6 -4 -1.0 1021.0 12.07 0 0
2010 1 19 7 -4 -1.0 1021.0 13.86 0 0
2010 1 19 8 -4 0.0 1021.0 0.89 0 0
2010 1 19 9 -4 0.0 1021.0 1.79 0 0
2010 1 19 10 -4 0.0 1021.0 0.89 0 0
2010 1 19 11 -5 1.0 1021.0 1.79 0 0
2010 1 19 12 -5 1.0 1020.0 0.89 0 0
2010 1 19 13 -4 1.0 1019.0 1.34 0 0
2010 1 19 14 -4 1.0 1018.0 0.89 0 0
2010 1 19 15 -3 2.0 1018.0 0.45 0 0
2010 1 19 16 -3 2.0 1018.0 1.34 0 0
2010 1 19 17 -2 2.0 1018.0 0.89 0 0
2010 1 19 18 -3 1.0 1018.0 0.89 0 0
2010 1 19 19 -3 2.0 1020.0 1.79 0 0
2010 1 19 20 -3 1.0 1020.0 4.92 0 0
2010 1 19 21 -3 0.0 1021.0 6.71 0 0
2010 1 19 22 -3 0.0 1021.0 8.5 0 0
2010 1 19 23 -3 1.0 1020.0 11.63 0 0
2010 1 20 0 -2 0.0 1021.0 14.76 0 0
2010 1 20 1 -2 -1.0 1022.0 16.55 0 0
2010 1 20 2 -4 -2.0 1022.0 19.68 0 0
2010 1 20 3 -2 -1.0 1023.0 25.49 0 0
2010 1 20 4 -3 1.0 1023.0 28.62 0 0
2010 1 20 5 -3 0.0 1024.0 31.75 0 0
2010 1 20 6 -5 2.0 1026.0 36.67 0 0
2010 1 20 7 -9 1.0 1027.0 41.59 0 0
2010 1 20 8 -10 0.0 1028.0 48.74 0 0
2010 1 20 9 -10 0.0 1030.0 55.89 0 0
2010 1 20 10 -11 1.0 1032.0 63.04 0 0
2010 1 20 11 -13 0.0 1033.0 71.09 0 0
2010 1 20 12 -13 0.0 1033.0 78.24 0 0
2010 1 20 13 -13 -1.0 1033.0 8.05 0 0
2010 1 20 14 -13 -1.0 1032.0 7.15 0 0
2010 1 20 15 -15 -1.0 1032.0 5.81 0 0
2010 1 20 16 -14 -1.0 1033.0 5.81 0 0
2010 1 20 17 -15 -2.0 1033.0 12.96 0 0
2010 1 20 18 -16 -3.0 1034.0 21.01 0 0
2010 1 20 19 -17 -4.0 1035.0 28.16 0 0
2010 1 20 20 -19 -3.0 1036.0 37.99 0 0
2010 1 20 21 -18 -4.0 1037.0 46.93 0 0
2010 1 20 22 -19 -4.0 1038.0 55.87 0 0
2010 1 20 23 -19 -5.0 1038.0 65.7 0 0
2010 1 21 0 -20 -6.0 1038.0 75.53 0 0
2010 1 21 1 -20 -6.0 1038.0 85.36 0 0
2010 1 21 2 -20 -7.0 1038.0 95.19 0 0
2010 1 21 3 -22 -8.0 1038.0 103.24 0 0
2010 1 21 4 -23 -8.0 1038.0 111.29 0 0
2010 1 21 5 -24 -9.0 1038.0 118.44 0 0
2010 1 21 6 -24 -9.0 1038.0 128.27 0 0
2010 1 21 7 -25 -9.0 1038.0 138.1 0 0
2010 1 21 8 -25 -8.0 1039.0 147.04 0 0
2010 1 21 9 -25 -8.0 1039.0 155.98 0 0
2010 1 21 10 -22 -7.0 1039.0 160.9 0 0
2010 1 21 11 -22 -7.0 1038.0 3.13 0 0
2010 1 21 12 -22 -5.0 1037.0 4.02 0 0
2010 1 21 13 -21 -5.0 1035.0 3.13 0 0
2010 1 21 14 -21 -4.0 1034.0 1.79 0 0
2010 1 21 15 -20 -3.0 1034.0 1.79 0 0
2010 1 21 16 -21 -2.0 1033.0 4.92 0 0
2010 1 21 17 -20 -2.0 1033.0 10.73 0 0
2010 1 21 18 -20 -2.0 1034.0 15.65 0 0
2010 1 21 19 -19 -3.0 1034.0 21.46 0 0
2010 1 21 20 -19 -3.0 1035.0 25.48 0 0
2010 1 21 21 -17 -8.0 1035.0 0.89 0 0
2010 1 21 22 -18 -9.0 1035.0 1.79 0 0
2010 1 21 23 -18 -9.0 1035.0 3.58 0 0
2010 1 22 0 -18 -6.0 1036.0 7.6 0 0
2010 1 22 1 -20 -4.0 1037.0 17.43 0 0
2010 1 22 2 -21 -5.0 1037.0 27.26 0 0
2010 1 22 3 -21 -6.0 1037.0 35.31 0 0
2010 1 22 4 -20 -7.0 1036.0 42.46 0 0
2010 1 22 5 -20 -7.0 1035.0 48.27 0 0
2010 1 22 6 -20 -7.0 1035.0 54.08 0 0
2010 1 22 7 -20 -7.0 1036.0 59.0 0 0
2010 1 22 8 -19 -7.0 1036.0 63.92 0 0
2010 1 22 9 -20 -5.0 1036.0 67.94 0 0
2010 1 22 10 -19 -4.0 1036.0 75.09 0 0
2010 1 22 11 -19 -4.0 1036.0 84.03 0 0
2010 1 22 12 -19 -3.0 1035.0 95.21 0 0
2010 1 22 13 -18 -3.0 1034.0 105.04 0 0
2010 1 22 14 -19 -2.0 1033.0 114.87 0 0
2010 1 22 15 -18 -2.0 1032.0 124.7 0 0
2010 1 22 16 -18 -2.0 1032.0 133.64 0 0
2010 1 22 17 -18 -2.0 1032.0 139.45 0 0
2010 1 22 18 -18 -3.0 1032.0 144.37 0 0
2010 1 22 19 -17 -5.0 1033.0 149.29 0 0
500 1
129.0
148.0
159.0
181.0
138.0
109.0
105.0
124.0
120.0
132.0
140.0
152.0
148.0
164.0
158.0
154.0
159.0
164.0
170.0
149.0
154.0
164.0
156.0
126.0
90.0
63.0
65.0
55.0
65.0
83.0
91.0
86.0
82.0
86.0
78.0
98.0
107.0
90.0
96.0
95.0
86.0
70.0
61.0
53.0
71.0
72.0
76.0
73.0
79.0
58.0
25.0
26.0
28.0
26.0
20.0
29.0
26.0
27.0
27.0
25.0
29.0
32.0
28.0
29.0
30.0
30.0
28.0
26.0
31.0
33.0
29.0
31.0
30.0
34.0
27.0
25.0
28.0
28.0
27.0
27.0
27.0
29.0
36.0
30.0
27.0
39.0
41.0
33.0
50.0
56.0
59.0
60.0
84.0
106.0
66.0
50.0
56.0
77.0
50.0
44.0
27.0
28.0
21.0
25.0
20.0
29.0
34.0
42.0
28.0
36.0
48.0
49.0
52.0
56.0
96.0
75.0
105.0
132.0
93.0
131.0
127.0
130.0
43.0
37.0
30.0
28.0
24.0
23.0
24.0
27.0
40.0
42.0
42.0
55.0
52.0
51.0
57.0
50.0
54.0
67.0
106.0
159.0
198.0
190.0
210.0
195.0
275.0
164.0
110.0
100.0
81.0
71.0
66.0
92.0
135.0
155.0
198.0
250.0
200.0
231.0
250.0
212.0
219.0
227.0
226.0
225.0
168.0
169.0
165.0
159.0
167.0
196.0
169.0
155.0
119.0
106.0
93.0
84.0
73.0
66.0
40.0
49.0
50.0
49.0
41.0
37.0
45.0
44.0
54.0
50.0
47.0
66.0
75.0
82.0
66.0
83.0
62.0
40.0
23.0
25.0
27.0
35.0
50.0
70.0
75.0
58.0
70.0
68.0
71.0
88.0
84.0
83.0
66.0
27.0
24.0
22.0
23.0
27.0
23.0
17.0
17.0
16.0
16.0
20.0
20.0
18.0
25.0
26.0
27.0
28.0
15.0
24.0
13.0
13.0
13.0
17.0
20.0
27.0
20.0
15.0
21.0
21.0
37.0
26.0
15.0
9.0
11.0
11.0
16.0
13.0
15.0
21.0
24.0
22.0
22.0
22.0
19.0
23.0
25.0
25.0
31.0
25.0
22.0
22.0
15.0
16.0
11.0
11.0
12.0
11.0
12.0
27.0
28.0
34.0
33.0
36.0
26.0
49.0
52.0
47.0
47.0
39.0
59.0
76.0
96.0
95.0
68.0
65.0
75.0
257.0
174.0
164.0
161.0
137.0
92.0
64.0
87.0
87.0
84.0
95.0
79.0
75.0
79.0
86.0
72.0
89.0
94.0
69.0
49.0
33.0
27.0
20.0
36.0
37.0
30.0
18.0
21.0
13.0
23.0
26.0
27.0
30.0
28.0
26.0
26.0
31.0
35.0
36.0
37.0
64.0
83.0
91.0
90.0
102.0
94.0
87.0
141.0
211.0
242.0
271.0
249.0
200.0
147.0
114.0
102.0
108.0
135.0
120.0
148.0
127.0
128.0
140.0
148.0
150.0
154.0
197.0
235.0
261.0
269.0
266.0
263.0
241.0
205.0
160.0
150.0
148.0
208.0
209.0
183.0
161.0
182.0
230.0
170.0
172.0
154.0
166.0
177.0
191.0
212.0
250.0
268.0
317.0
291.0
313.0
282.0
282.0
303.0
349.0
407.0
361.0
234.0
149.0
147.0
184.0
161.0
137.0
146.0
144.0
154.0
173.0
188.0
203.0
233.0
408.0
435.0
403.0
360.0
402.0
358.0
383.0
332.0
274.0
256.0
302.0
330.0
367.0
297.0
331.0
323.0
339.0
301.0
310.0
305.0
313.0
336.0
357.0
485.0
426.0
403.0
374.0
333.0
343.0
364.0
389.0
368.0
267.0
71.0
81.0
51.0
49.0
44.0
45.0
35.0
29.0
27.0
29.0
16.0
23.0
28.0
22.0
11.0
25.0
16.0
20.0
20.0
18.0
18.0
17.0
17.0
17.0
15.0
19.0
16.0
18.0
18.0
18.0
26.0
26.0
25.0
24.0
15.0
17.0
15.0
21.0
40.0
51.0
45.0
61.0
72.0
38.0
35.0
29.0
26.0
18.0
15.0
15.0
22.0
21.0
19.0
22.0
25.0
22.0
26.0
32.0
30.0
32.0
30.0
32.0
37.0
49.0
100 10
2010 1 22 20 -18 -4.0 1033.0 153.31 0 0
2010 1 22 21 -17 -4.0 1032.0 159.12 0 0
2010 1 22 22 -17 -4.0 1032.0 164.04 0 0
2010 1 22 23 -17 -7.0 1032.0 168.06 0 0
2010 1 23 0 -17 -4.0 1033.0 172.08 0 0
2010 1 23 1 -17 -8.0 1033.0 0.89 0 0
2010 1 23 2 -17 -5.0 1032.0 4.92 0 0
2010 1 23 3 -18 -6.0 1032.0 8.05 0 0
2010 1 23 4 -18 -5.0 1031.0 12.97 0 0
2010 1 23 5 -18 -6.0 1031.0 16.1 0 0
2010 1 23 6 -18 -7.0 1031.0 20.12 0 0
2010 1 23 7 -18 -7.0 1031.0 24.14 0 0
2010 1 23 8 -18 -6.0 1031.0 25.93 0 0
2010 1 23 9 -18 -2.0 1031.0 30.85 0 0
2010 1 23 10 -17 -1.0 1031.0 38.9 0 0
2010 1 23 11 -17 0.0 1030.0 46.95 0 0
2010 1 23 12 -19 1.0 1029.0 55.0 0 0
2010 1 23 13 -20 2.0 1027.0 63.05 0 0
2010 1 23 14 -19 2.0 1025.0 71.1 0 0
2010 1 23 15 -19 3.0 1024.0 79.15 0 0
2010 1 23 16 -19 3.0 1024.0 86.3 0 0
2010 1 26 12 -15 -1.0 1025.0 1.79 0 0
2010 1 26 13 -18 0.0 1024.0 3.58 0 0
2010 1 26 14 -19 1.0 1023.0 0.89 0 0
2010 1 26 15 -18 2.0 1021.0 1.79 0 0
2010 1 26 16 -17 1.0 1021.0 4.92 0 0
2010 1 26 17 -14 -1.0 1021.0 5.81 0 0
2010 1 26 18 -13 -3.0 1021.0 6.7 0 0
2010 1 26 19 -13 -3.0 1021.0 0.89 0 0
2010 1 26 20 -11 -5.0 1020.0 0.89 0 0
2010 1 26 21 -13 -6.0 1020.0 1.79 0 0
2010 1 26 22 -11 -5.0 1020.0 0.89 0 0
2010 1 26 23 -11 -4.0 1019.0 1.79 0 0
2010 1 27 0 -11 -4.0 1019.0 3.58 0 0
2010 1 27 1 -12 -3.0 1018.0 5.37 0 0
2010 1 27 2 -11 -4.0 1017.0 7.16 0 0
2010 1 27 3 -11 -4.0 1016.0 10.29 0 0
2010 1 27 4 -12 -3.0 1016.0 12.08 0 0
2010 1 27 5 -11 -4.0 1016.0 15.21 0 0
2010 1 27 6 -11 -5.0 1015.0 17.0 0 0
2010 1 27 7 -11 -4.0 1015.0 18.79 0 0
2010 1 27 8 -11 -3.0 1015.0 3.13 0 0
2010 1 27 9 -10 -1.0 1015.0 6.26 0 0
2010 1 27 10 -9 1.0 1015.0 9.39 0 0
2010 1 27 11 -9 3.0 1015.0 1.79 0 0
2010 1 27 12 -9 4.0 1014.0 4.92 0 0
2010 1 27 13 -9 6.0 1013.0 8.05 0 0
2010 1 27 14 -13 8.0 1012.0 16.1 0 0
2010 1 27 15 -14 8.0 1013.0 24.15 0 0
2010 1 27 16 -14 7.0 1014.0 32.2 0 0
2010 1 27 17 -13 7.0 1015.0 39.35 0 0
2010 1 27 18 -13 5.0 1016.0 47.4 0 0
2010 1 27 19 -12 4.0 1018.0 52.32 0 0
2010 1 27 20 -13 3.0 1019.0 56.34 0 0
2010 1 27 21 -14 3.0 1020.0 62.15 0 0
2010 1 27 22 -14 3.0 1021.0 67.96 0 0
2010 1 27 23 -14 0.0 1022.0 71.98 0 0
2010 1 28 0 -13 -1.0 1023.0 76.9 0 0
2010 1 28 1 -15 -1.0 1023.0 7.15 0 0
2010 1 28 2 -15 -1.0 1024.0 12.07 0 0
2010 1 28 3 -15 -2.0 1025.0 16.09 0 0
2010 1 28 4 -15 -2.0 1025.0 21.01 0 0
2010 1 28 5 -15 -3.0 1025.0 25.03 0 0
2010 1 28 6 -15 -3.0 1025.0 3.13 0 0
2010 1 28 7 -15 -3.0 1026.0 8.05 0 0
2010 1 28 8 -16 -3.0 1027.0 12.97 0 0
2010 1 28 9 -17 -2.0 1028.0 20.12 0 0
2010 1 28 10 -18 -2.0 1029.0 25.93 0 0
2010 1 28 11 -19 -1.0 1028.0 35.76 0 0
2010 1 28 12 -21 1.0 1027.0 44.7 0 0
2010 1 28 13 -24 1.0 1026.0 53.64 0 0
2010 1 28 14 -25 1.0 1026.0 62.58 0 0
2010 1 28 15 -25 1.0 1026.0 72.41 0 0
2010 1 28 16 -24 1.0 1026.0 82.24 0 0
2010 1 28 17 -25 0.0 1026.0 91.18 0 0
2010 1 28 18 -22 0.0 1027.0 99.23 0 0
2010 1 28 19 -20 -1.0 1027.0 103.25 0 0
2010 1 28 20 -21 -1.0 1027.0 105.04 0 0
2010 1 28 21 -21 -4.0 1028.0 0.89 0 0
2010 1 28 22 -21 -2.0 1027.0 4.02 0 0
2010 1 28 23 -22 -2.0 1027.0 7.15 0 0
2010 1 29 0 -22 -1.0 1027.0 12.07 0 0
2010 1 29 1 -21 -4.0 1027.0 15.2 0 0
2010 1 29 2 -21 -4.0 1026.0 0.89 0 0
2010 1 29 3 -19 -8.0 1026.0 1.79 0 0
2010 1 29 4 -20 -7.0 1025.0 0.89 0 0
2010 1 29 5 -20 -8.0 1024.0 1.79 0 0
2010 1 29 6 -18 -10.0 1024.0 0.89 0 0
2010 1 29 7 -21 -2.0 1024.0 4.02 0 0
2010 1 29 8 -21 -1.0 1025.0 9.83 0 0
2010 1 29 9 -24 1.0 1025.0 17.88 0 0
2010 1 29 10 -25 2.0 1025.0 26.82 0 0
2010 1 29 11 -24 3.0 1024.0 33.97 0 0
2010 1 29 12 -25 4.0 1023.0 42.02 0 0
2010 1 29 13 -24 5.0 1022.0 50.07 0 0
2010 1 29 14 -25 6.0 1020.0 57.22 0 0
2010 1 29 15 -25 6.0 1020.0 65.27 0 0
2010 1 29 16 -23 6.0 1020.0 72.42 0 0
2010 1 29 17 -22 5.0 1020.0 78.23 0 0
2010 1 29 18 -21 5.0 1020.0 84.04 0 0
100 1
47.0
39.0
35.0
48.0
49.0
24.0
23.0
20.0
19.0
16.0
22.0
24.0
24.0
41.0
23.0
19.0
15.0
19.0
17.0
17.0
22.0
88.0
85.0
90.0
127.0
144.0
203.0
199.0
231.0
274.0
340.0
298.0
268.0
299.0
300.0
240.0
213.0
171.0
153.0
153.0
140.0
147.0
158.0
153.0
154.0
143.0
90.0
55.0
52.0
41.0
29.0
37.0
49.0
56.0
38.0
37.0
28.0
20.0
22.0
27.0
34.0
27.0
32.0
28.0
28.0
18.0
17.0
16.0
18.0
16.0
12.0
13.0
23.0
21.0
13.0
14.0
23.0
16.0
25.0
20.0
25.0
19.0
24.0
25.0
20.0
24.0
17.0
10.0
11.0
16.0
20.0
13.0
12.0
12.0
12.0
12.0
31.0
36.0
42.0
52.0
