100 10
2010 1 2 0 -16 -4.0 1020.0 1.79 0 0
2010 1 2 1 -15 -4.0 1020.0 2.68 0 0
2010 1 2 2 -11 -5.0 1021.0 3.57 0 0
2010 1 2 3 -7 -5.0 1022.0 5.36 1 0
2010 1 2 4 -7 -5.0 1022.0 6.25 2 0
2010 1 2 5 -7 -6.0 1022.0 7.14 3 0
2010 1 2 6 -7 -6.0 1023.0 8.93 4 0
2010 1 2 7 -7 -5.0 1024.0 10.72 0 0
2010 1 2 8 -8 -6.0 1024.0 12.51 0 0
2010 1 2 9 -7 -5.0 1025.0 14.3 0 0
2010 1 2 10 -7 -5.0 1026.0 17.43 1 0
2010 1 2 11 -8 -5.0 1026.0 20.56 0 0
2010 1 2 12 -8 -5.0 1026.0 23.69 0 0
2010 1 2 13 -8 -5.0 1025.0 27.71 0 0
2010 1 2 14 -9 -5.0 1025.0 31.73 0 0
2010 1 2 15 -9 -5.0 1025.0 35.75 0 0
2010 1 2 16 -9 -5.0 1026.0 37.54 0 0
2010 1 2 17 -8 -5.0 1027.0 39.33 0 0
2010 1 2 18 -8 -5.0 1027.0 42.46 0 0
2010 1 2 19 -8 -5.0 1028.0 44.25 0 0
2010 1 2 20 -7 -5.0 1028.0 46.04 0 0
2010 1 2 21 -7 -5.0 1027.0 49.17 1 0
2010 1 2 22 -8 -6.0 1028.0 52.3 2 0
2010 1 2 23 -8 -6.0 1027.0 55.43 3 0
2010 1 3 0 -7 -6.0 1027.0 58.56 4 0
2010 1 3 1 -8 -6.0 1026.0 61.69 5 0
2010 1 3 2 -8 -7.0 1026.0 65.71 6 0
2010 1 3 3 -8 -7.0 1025.0 68.84 7 0
2010 1 3 4 -8 -7.0 1024.0 72.86 8 0
2010 1 3 5 -9 -8.0 1024.0 76.88 9 0
2010 1 3 6 -10 -8.0 1024.0 80.9 10 0
2010 1 3 7 -10 -9.0 1024.0 84.92 11 0
2010 1 3 8 -10 -9.0 1024.0 89.84 12 0
2010 1 3 9 -11 -9.0 1023.0 93.86 13 0
2010 1 3 10 -11 -9.0 1023.0 97.88 15 0
2010 1 3 11 -11 -9.0 1022.0 102.8 16 0
2010 1 3 12 -11 -9.0 1021.0 105.93 17 0
2010 1 3 13 -11 -9.0 1020.0 111.74 19 0
2010 1 3 14 -11 -9.0 1020.0 116.66 20 0
2010 1 3 15 -11 -9.0 1020.0 121.58 21 0
2010 1 3 16 -11 -9.0 1020.0 124.71 22 0
2010 1 3 17 -11 -9.0 1020.0 127.84 23 0
2010 1 3 18 -11 -9.0 1021.0 0.89 24 0
2010 1 3 19 -11 -9.0 1022.0 1.78 25 0
2010 1 3 20 -10 -9.0 1022.0 4.02 26 0
2010 1 3 21 -11 -10.0 1023.0 7.15 27 0
2010 1 3 22 -11 -9.0 1023.0 11.17 0 0
2010 1 3 23 -12 -11.0 1023.0 14.3 0 0
2010 1 4 0 -14 -12.0 1023.0 16.09 0 0
2010 1 4 1 -16 -9.0 1023.0 21.9 0 0
2010 1 4 2 -17 -10.0 1024.0 29.95 0 0
2010 1 4 3 -18 -11.0 1024.0 39.78 0 0
2010 1 4 4 -19 -11.0 1025.0 48.72 0 0
2010 1 4 5 -20 -12.0 1026.0 55.87 0 0
2010 1 4 6 -21 -12.0 1027.0 64.81 0 0
2010 1 4 7 -21 -13.0 1027.0 73.75 0 0
2010 1 4 8 -22 -13.0 1028.0 80.9 0 0
2010 1 4 9 -22 -13.0 1029.0 90.73 0 0
2010 1 4 10 -22 -12.0 1030.0 100.56 0 0
2010 1 4 11 -23 -12.0 1031.0 108.61 0 0
2010 1 4 12 -21 -11.0 1030.0 117.55 0 0
2010 1 4 13 -20 -10.0 1030.0 127.38 0 0
2010 1 4 14 -21 -10.0 1030.0 136.32 0 0
2010 1 4 15 -21 -9.0 1030.0 145.26 0 0
2010 1 4 16 -21 -9.0 1031.0 152.41 0 0
2010 1 4 17 -20 -11.0 1032.0 159.56 0 0
2010 1 4 18 -23 -11.0 1032.0 165.37 0 0
2010 1 4 19 -21 -12.0 1033.0 171.18 0 0
2010 1 4 20 -24 -12.0 1034.0 180.12 0 0
2010 1 4 21 -24 -13.0 1034.0 187.27 0 0
2010 1 4 22 -24 -13.0 1035.0 195.32 0 0
2010 1 4 23 -26 -15.0 1035.0 198.45 0 0
2010 1 5 0 -26 -17.0 1035.0 201.58 0 0
2010 1 5 1 -26 -18.0 1035.0 205.6 0 0
2010 1 5 2 -26 -19.0 1035.0 208.73 0 0
2010 1 5 3 -27 -18.0 1035.0 213.65 0 0
2010 1 5 4 -27 -19.0 1035.0 218.57 0 0
2010 1 5 5 -27 -16.0 1034.0 4.92 0 0
2010 1 5 6 -26 -16.0 1035.0 8.05 0 0
2010 1 5 7 -27 -16.0 1034.0 13.86 0 0
2010 1 5 8 -26 -16.0 1035.0 18.78 0 0
2010 1 5 9 -26 -15.0 1035.0 24.59 0 0
2010 1 5 10 -25 -14.0 1035.0 29.51 0 0
2010 1 5 11 -25 -13.0 1035.0 34.43 0 0
2010 1 5 12 -25 -12.0 1034.0 39.35 0 0
2010 1 5 13 -24 -11.0 1032.0 41.14 0 0
2010 1 5 14 -22 -11.0 1032.0 0.89 0 0
2010 1 5 15 -23 -11.0 1031.0 1.79 0 0
2010 1 5 16 -24 -11.0 1031.0 3.58 0 0
2010 1 5 17 -23 -11.0 1031.0 5.37 0 0
2010 1 5 18 -23 -11.0 1032.0 7.16 0 0
2010 1 5 19 -22 -13.0 1033.0 10.29 0 0
2010 1 5 20 -22 -12.0 1033.0 13.42 0 0
2010 1 5 21 -24 -18.0 1033.0 16.55 0 0
2010 1 5 22 -22 -13.0 1034.0 20.57 0 0
2010 1 5 23 -22 -16.0 1033.0 23.7 0 0
2010 1 6 0 -25 -17.0 1033.0 26.83 0 0
2010 1 6 1 -25 -14.0 1033.0 4.02 0 0
2010 1 6 2 -26 -14.0 1034.0 8.04 0 0
2010 1 6 3 -26 -14.0 1033.0 13.85 0 0
100 1
129.0
148.0
159.0
181.0
138.0
109.0
105.0
124.0
120.0
132.0
140.0
152.0
148.0
164.0
158.0
154.0
159.0
164.0
170.0
149.0
154.0
164.0
156.0
126.0
90.0
63.0
65.0
55.0
65.0
83.0
91.0
86.0
82.0
86.0
78.0
98.0
107.0
90.0
96.0
95.0
86.0
70.0
61.0
53.0
71.0
72.0
76.0
73.0
79.0
58.0
25.0
26.0
28.0
26.0
20.0
29.0
26.0
27.0
27.0
25.0
29.0
32.0
28.0
29.0
30.0
30.0
28.0
26.0
31.0
33.0
29.0
31.0
30.0
34.0
27.0
25.0
28.0
28.0
27.0
27.0
27.0
29.0
36.0
30.0
27.0
39.0
41.0
33.0
50.0
56.0
59.0
60.0
84.0
106.0
66.0
50.0
56.0
77.0
50.0
44.0
20 10
2010 1 6 4 -26 -14.0 1033.0 17.87 0 0
2010 1 6 5 -26 -14.0 1033.0 23.68 0 0
2010 1 6 6 -26 -14.0 1033.0 28.6 0 0
2010 1 6 7 -26 -15.0 1034.0 33.52 0 0
2010 1 6 8 -26 -14.0 1034.0 39.33 0 0
2010 1 6 9 -25 -13.0 1035.0 44.25 0 0
2010 1 6 10 -25 -12.0 1035.0 50.06 0 0
2010 1 6 11 -24 -11.0 1035.0 54.98 0 0
2010 1 6 12 -24 -10.0 1034.0 59.0 0 0
2010 1 6 13 -22 -10.0 1033.0 4.02 0 0
2010 1 6 14 -22 -9.0 1033.0 5.81 0 0
2010 1 6 15 -22 -8.0 1033.0 0.89 0 0
2010 1 6 16 -22 -8.0 1033.0 1.79 0 0
2010 1 6 17 -21 -9.0 1033.0 3.58 0 0
2010 1 6 18 -22 -9.0 1033.0 5.37 0 0
2010 1 6 19 -22 -14.0 1034.0 0.89 0 0
2010 1 6 20 -22 -12.0 1035.0 1.79 0 0
2010 1 6 21 -21 -14.0 1034.0 3.58 0 0
2010 1 6 22 -22 -16.0 1035.0 5.37 0 0
2010 1 6 23 -21 -16.0 1035.0 7.16 0 0
20 1
27.0
28.0
21.0
25.0
20.0
29.0
34.0
42.0
28.0
36.0
48.0
49.0
52.0
56.0
96.0
75.0
105.0
132.0
93.0
131.0
